##Centered_IBS.SumPk=57818.91579528514
##Matrix_Type=Centered_IBS
170
RIMMA0388.1:250049195	1.8393363	0.28256416	0.26102656	0.2876159	0.15039262	0.17455158	0.16217734	0.25500712	0.22119792	0.24422191	0.26781523	0.257769	0.2487037	0.31586322	0.12851253	0.048756566	0.08211556	0.10978706	0.06130376	0.045967776	0.07821838	0.05681654	0.0425622	0.1509638	0.20789075	0.23286326	0.20534457	0.16341785	0.17635359	0.19459401	0.16527241	0.16102917	0.24203277	0.14498635	0.24114901	0.21424723	0.12808035	0.23285204	0.19100277	0.06099238	0.097287826	0.12215792	0.14676334	0.15996306	0.09865713	0.050910257	0.052917995	0.09917948	0.057321925	0.19667989	0.21629328	0.21128964	0.1766323	0.19451481	0.21482663	0.14080921	0.037300535	0.11542659	0.21649922	0.23065715	0.20937464	0.1819528	0.1258555	0.20369543	0.17776354	0.17430067	0.1423525	0.1738385	0.18269552	0.21927387	0.14791971	0.22846404	0.20233367	0.17693417	0.18256322	0.14838238	0.16366084	-0.1474305	-0.13525829	-0.122572176	-0.13487637	-0.15362744	-0.16288665	-0.1570734	-0.16510873	-0.1268756	-0.1417355	-0.16827914	-0.13754386	-0.15657526	-0.16241936	-0.14746772	-0.14693551	-0.14676692	-0.1695019	-0.12025132	-0.17710659	-0.15877816	-0.15234548	-0.1354439	-0.17054626	-0.1667064	-0.19146898	-0.16692041	-0.16637404	-0.17576507	-0.17803264	-0.15726238	-0.16736934	-0.16768432	-0.1730339	-0.16115619	-0.16807951	-0.16762006	-0.15773977	-0.16102271	-0.17144017	-0.11603713	-0.12900023	-0.13385144	-0.1289306	-0.12770212	-0.12313095	-0.12640244	-0.12517616	-0.12441929	-0.153542	-0.17132565	-0.17866808	-0.18083686	-0.17516153	-0.16375144	-0.18521647	-0.17022029	-0.17223749	-0.1719	-0.17416902	-0.17524308	-0.17851977	-0.17078412	-0.17668912	-0.18003397	-0.16793507	-0.16132073	-0.17039643	-0.16976209	-0.15806654	-0.16770211	-0.16088948	-0.16250585	-0.16050819	-0.15360783	-0.052757483	-0.17846103	-0.18708627	-0.17448637	-0.18878555	-0.18863131	-0.19036266	-0.18843088	-0.17045315	-0.13629355	-0.13931352	-0.15022388	-0.124271005	-0.1541898	-0.1364287	-0.14731853	-0.12815985	-0.13642587
RIMMA0389.1:250049112	0.28256416	1.7984185	0.24599884	0.2627816	0.15542755	0.19634548	0.18724017	0.25604662	0.25540993	0.2928585	0.30138737	0.23068613	0.24495244	0.32878485	0.13429105	0.055832233	0.083466455	0.10129689	0.05741414	0.051261973	0.07778777	0.06242206	0.050779354	0.13827084	0.19518043	0.2208621	0.17288308	0.1644748	0.16020142	0.17278633	0.13519742	0.15521981	0.2224907	0.13758565	0.20944852	0.18451832	0.1162348	0.19777891	0.15176134	0.06061369	0.11538061	0.13082471	0.15338926	0.1827256	0.09625487	0.040915366	0.052573897	0.087022565	0.053708937	0.17345402	0.17864318	0.19287191	0.1550494	0.17874318	0.18482102	0.13697146	0.038824357	0.115757085	0.26247206	0.22557417	0.22404288	0.19214153	0.13898453	0.1891518	0.19469748	0.16404639	0.15491074	0.17273346	0.18939069	0.23231657	0.14658979	0.22851779	0.20103836	0.17923635	0.17229152	0.15378036	0.16338594	-0.1395593	-0.13831776	-0.12575266	-0.13755533	-0.14843702	-0.16314428	-0.1515371	-0.14272678	-0.13581553	-0.13552462	-0.1632098	-0.1378187	-0.14367105	-0.1511236	-0.14969707	-0.1580199	-0.15287031	-0.1709182	-0.12094122	-0.16665839	-0.1466177	-0.14501034	-0.14061345	-0.18365434	-0.16333199	-0.19224559	-0.17189959	-0.16161592	-0.17002127	-0.17939723	-0.15466622	-0.17511584	-0.16685222	-0.16407298	-0.17037275	-0.16112497	-0.16156486	-0.15009339	-0.15856498	-0.1614243	-0.11875068	-0.13550143	-0.14446896	-0.12761433	-0.1298968	-0.13215728	-0.122336194	-0.13518843	-0.13725062	-0.16082148	-0.16874672	-0.17216316	-0.17156477	-0.16786104	-0.14899676	-0.17763922	-0.1737467	-0.16773881	-0.17255545	-0.16406669	-0.16906685	-0.17315647	-0.16239403	-0.17284773	-0.17432466	-0.1732085	-0.16308309	-0.16703922	-0.16313612	-0.16314968	-0.16903195	-0.16412185	-0.15461735	-0.15716842	-0.14340174	-0.056041803	-0.17285551	-0.17694929	-0.1728242	-0.18224594	-0.18463449	-0.1776315	-0.17988513	-0.16967297	-0.1348216	-0.12653042	-0.14081338	-0.11814669	-0.14111267	-0.13725688	-0.13391286	-0.114442736	-0.13204837
RIMMA0390.1:250049120	0.26102656	0.24599884	1.83127	0.25597963	0.13158955	0.17740227	0.16153426	0.24422908	0.21050632	0.24124414	0.2422843	0.21151799	0.22407204	0.29524404	0.11787285	0.059269127	0.08294275	0.09013647	0.072127625	0.047970977	0.077696435	0.056744326	0.052227277	0.12640132	0.19636895	0.21004757	0.1719962	0.16049197	0.16204713	0.17390563	0.1381155	0.15281089	0.22573727	0.13042049	0.21017002	0.18231693	0.113134034	0.20342956	0.14779581	0.06439649	0.104012646	0.11841903	0.1533844	0.17090793	0.09868868	0.04206931	0.051098887	0.08525362	0.050210413	0.16519925	0.19062392	0.1914142	0.15438722	0.15504366	0.17769028	0.13027334	0.039078925	0.10919721	0.20392244	0.20209944	0.1856077	0.17747016	0.12965739	0.17724773	0.1760482	0.15651795	0.14368118	0.17053203	0.18476795	0.20953347	0.13911337	0.20744699	0.18707602	0.1649628	0.15803523	0.13957596	0.15400693	-0.14022131	-0.13680066	-0.12665688	-0.13527721	-0.14885692	-0.1523222	-0.14827314	-0.12991565	-0.12769152	-0.13130936	-0.14752777	-0.13434725	-0.13674049	-0.14466006	-0.13600394	-0.14906596	-0.14521341	-0.16170463	-0.10375455	-0.16393052	-0.14324994	-0.14041466	-0.13022374	-0.16100232	-0.1579406	-0.1820635	-0.16543612	-0.15302493	-0.16746631	-0.1705641	-0.14920582	-0.14955813	-0.15436988	-0.14979194	-0.16098629	-0.14584076	-0.16016884	-0.14826496	-0.15419413	-0.15362895	-0.11477756	-0.122379124	-0.12935776	-0.1126414	-0.12096	-0.11780697	-0.11689302	-0.11666996	-0.116172396	-0.15063949	-0.15816689	-0.16211937	-0.15702419	-0.16999319	-0.14638995	-0.16510502	-0.15858361	-0.15629418	-0.16245982	-0.16465966	-0.15442263	-0.15674803	-0.15458134	-0.17442648	-0.16324313	-0.15766475	-0.14840426	-0.15837918	-0.15182973	-0.15455878	-0.16393472	-0.15034227	-0.15493347	-0.14615604	-0.12861916	-0.04838483	-0.16746426	-0.16751105	-0.15888903	-0.1785842	-0.173968	-0.16345415	-0.17300656	-0.1540774	-0.13589878	-0.12371618	-0.14697543	-0.11979457	-0.13994147	-0.13501346	-0.13848366	-0.121504135	-0.13305634
RIMMA0392.1:250049128	0.2876159	0.2627816	0.25597963	1.8110131	0.13662885	0.1844997	0.17214282	0.27799582	0.21890093	0.24277252	0.28290007	0.24798296	0.24562828	0.35438326	0.11950498	0.050973658	0.072295085	0.08678751	0.061860472	0.050537	0.07241035	0.0627867	0.043257292	0.16291818	0.1967731	0.25382867	0.19663104	0.16086149	0.1824965	0.21106242	0.16513714	0.14557046	0.24480318	0.15150991	0.25860327	0.22903802	0.13920455	0.24219485	0.1811304	0.05307433	0.10066376	0.1306186	0.14899774	0.15304813	0.09670599	0.033445183	0.04538044	0.09686515	0.053589333	0.22359471	0.23525229	0.22917628	0.19010854	0.21449412	0.23264419	0.12550612	0.03149255	0.11243781	0.20775104	0.23593557	0.1848529	0.17443256	0.12866065	0.17983104	0.1738234	0.16690151	0.15019058	0.16197708	0.17775233	0.21355239	0.1357817	0.21516715	0.19688882	0.17038254	0.16898958	0.1357946	0.14801183	-0.13788022	-0.13580856	-0.1345027	-0.13783059	-0.14463057	-0.16494155	-0.15556553	-0.1546245	-0.13577951	-0.14223383	-0.15992221	-0.14534079	-0.1397782	-0.16303872	-0.14687638	-0.14387089	-0.14124647	-0.17211007	-0.121856555	-0.17511424	-0.15394944	-0.14464574	-0.13862295	-0.16910751	-0.16066703	-0.18248953	-0.16598324	-0.15829377	-0.17176661	-0.1784791	-0.1535407	-0.1652733	-0.16332258	-0.16488448	-0.16544218	-0.15711097	-0.16346592	-0.15989843	-0.1662945	-0.15984903	-0.12025398	-0.1269388	-0.13320829	-0.1333031	-0.1315385	-0.12966529	-0.12633003	-0.13831742	-0.124329574	-0.16107959	-0.16500941	-0.17793843	-0.18292636	-0.17356709	-0.16442284	-0.18678711	-0.16822802	-0.16628453	-0.16973491	-0.16736871	-0.17183276	-0.17569748	-0.17221646	-0.1827911	-0.17620833	-0.18156068	-0.16572787	-0.16911326	-0.1654523	-0.16053657	-0.16747391	-0.1579286	-0.16167234	-0.16951588	-0.15156372	-0.054207087	-0.17589805	-0.17902334	-0.18527533	-0.18909355	-0.19651479	-0.18804179	-0.187857	-0.18188198	-0.14217082	-0.12806831	-0.14631186	-0.13379748	-0.140921	-0.14491741	-0.14472099	-0.1302494	-0.13566169
RIMMA0393.1:250049140	0.15039262	0.15542755	0.13158955	0.13662885	1.8094873	0.09900684	0.107369825	0.12702288	0.13461876	0.15684736	0.15470496	0.11724546	0.11791761	0.14166573	0.07176798	0.020808788	0.03948402	0.045449838	0.013777607	0.012848649	0.040291123	0.02110311	0.01636122	0.070559144	0.10496745	0.099517405	0.07480068	0.07993461	0.07903388	0.077402025	0.067070626	0.073083766	0.11761121	0.059686974	0.09085375	0.08811349	0.052328087	0.09551099	0.07657805	0.012549536	0.06366715	0.060916476	0.07934741	0.09507227	0.055817988	0.015733004	0.015077196	0.04949135	0.026468435	0.086976804	0.09266751	0.09158993	0.069679156	0.08953333	0.087758936	0.068775445	0.02145951	0.058543608	0.13630195	0.10974679	0.11082707	0.10018174	0.07462815	0.10066834	0.09102876	0.07777673	0.079450704	0.088037595	0.099540904	0.1225943	0.085433036	0.118242115	0.09899529	0.08831431	0.08252832	0.07951367	0.080402434	-0.088451676	-0.08276529	-0.07687623	-0.0784573	-0.08370066	-0.093790054	-0.08667978	-0.08051559	-0.07943287	-0.07846748	-0.092350915	-0.07382612	-0.08683876	-0.091005206	-0.08516825	-0.084791586	-0.08083544	-0.09229374	-0.072289675	-0.09903371	-0.09225863	-0.08485734	-0.0782292	-0.08441373	-0.09131432	-0.10500796	-0.09350002	-0.09587654	-0.093022525	-0.092886016	-0.09556825	-0.09711395	-0.0945406	-0.09210722	-0.10058623	-0.09242802	-0.085863315	-0.083489165	-0.091338135	-0.09227767	-0.06257558	-0.057534177	-0.06655363	-0.075901456	-0.07175009	-0.072401986	-0.07091735	-0.071195796	-0.068726614	-0.090498835	-0.09538006	-0.09493962	-0.09887257	-0.09172704	-0.08957012	-0.099118575	-0.09327163	-0.094769925	-0.09451902	-0.09428017	-0.08947388	-0.101882465	-0.09461375	-0.089086555	-0.10619839	-0.0954833	-0.09433427	-0.09464108	-0.09032286	-0.09626874	-0.09556156	-0.081605926	-0.08522856	-0.09459399	-0.07788717	-0.0335927	-0.09647943	-0.09835942	-0.10234574	-0.10673462	-0.10457437	-0.10374591	-0.10063801	-0.09557988	-0.08200181	-0.07533643	-0.083687015	-0.06624353	-0.08237787	-0.07696557	-0.07298151	-0.07454268	-0.07208559
RIMMA0394.2:250049160	0.17455158	0.19634548	0.17740227	0.1844997	0.09900684	1.8140827	0.124039814	0.18928349	0.16529804	0.1620505	0.18142365	0.15141848	0.17018147	0.23632051	0.08475411	0.023210105	0.049305074	0.057847872	0.03350889	0.03804526	0.056476846	0.032688268	0.022204325	0.096551396	0.12584026	0.14899682	0.11056474	0.10751801	0.123117015	0.12793638	0.09845903	0.08553364	0.16110635	0.08403608	0.14316948	0.13072664	0.08290362	0.14381424	0.11173684	0.035739884	0.072191015	0.09149196	0.10521861	0.10980525	0.062093474	0.023859078	0.02546897	0.05815363	0.037569333	0.11660114	0.1356611	0.13083035	0.11838012	0.123118155	0.12186283	0.10031951	0.016804304	0.07099355	0.15219373	0.14848566	0.12803324	0.13471791	0.091471136	0.12138542	0.12629129	0.105221696	0.09776376	0.11920118	0.11349553	0.14722018	0.10035625	0.14016992	0.13155973	0.11766177	0.1031243	0.101441465	0.101344414	-0.10338035	-0.094632655	-0.09645731	-0.10338271	-0.10584152	-0.11110545	-0.11070576	-0.10905567	-0.09429228	-0.090110034	-0.11651526	-0.101639844	-0.096890196	-0.111433804	-0.10279495	-0.10950951	-0.108631834	-0.11459023	-0.07867442	-0.11356461	-0.09962922	-0.09181286	-0.099211246	-0.11753719	-0.11426798	-0.1283249	-0.12337191	-0.11433339	-0.117394425	-0.12282705	-0.1176572	-0.11148909	-0.10687497	-0.11865835	-0.11968312	-0.11619466	-0.117533915	-0.10656393	-0.11140342	-0.11377854	-0.07802309	-0.08827087	-0.09270702	-0.09480808	-0.0989066	-0.09073785	-0.091605365	-0.09307727	-0.098979026	-0.11272617	-0.11030871	-0.12280522	-0.12096156	-0.11141193	-0.115325704	-0.12781441	-0.11031028	-0.12882723	-0.11570861	-0.123321846	-0.12041802	-0.114874095	-0.11592439	-0.12476973	-0.12223398	-0.118852116	-0.109176464	-0.12264508	-0.116113044	-0.11700861	-0.12586583	-0.10993844	-0.11233313	-0.11358705	-0.1003739	-0.032436665	-0.12579788	-0.12703787	-0.12125241	-0.13088177	-0.13921978	-0.1323898	-0.12717193	-0.11663108	-0.09793364	-0.092617214	-0.10319895	-0.09327896	-0.10828908	-0.09460962	-0.099134885	-0.091944575	-0.09692447
RIMMA0395.2:250049141	0.16217734	0.18724017	0.16153426	0.17214282	0.107369825	0.124039814	1.8343719	0.15648337	0.15403071	0.177418	0.18821272	0.14572014	0.14886555	0.20568237	0.084521204	0.03428839	0.04089145	0.0501088	0.023815436	0.03118824	0.054064743	0.031452272	0.0060251127	0.089037135	0.12538257	0.13207386	0.10986492	0.11262946	0.1051045	0.113348275	0.091065854	0.09875658	0.14819594	0.07944478	0.133528	0.12378311	0.07748211	0.12723725	0.10519112	0.031978756	0.06114852	0.07289136	0.09030189	0.10517931	0.062846445	0.014943923	0.02096414	0.06516745	0.030556655	0.11967159	0.13037792	0.13161792	0.10481254	0.11223133	0.12387827	0.08396732	0.021016333	0.07065691	0.1497816	0.13970883	0.12257708	0.117310636	0.08623987	0.12148118	0.11064821	0.102446415	0.08760335	0.116010785	0.11948904	0.142698	0.09723507	0.13576885	0.12262729	0.11170419	0.09844653	0.0831349	0.09713356	-0.10290412	-0.09628377	-0.091242135	-0.096092105	-0.10211374	-0.1008919	-0.10478152	-0.09796008	-0.087174736	-0.07775183	-0.10405339	-0.090319425	-0.0870398	-0.105630584	-0.10065838	-0.100247145	-0.10559591	-0.10787038	-0.07484291	-0.11843264	-0.094344825	-0.095989	-0.08766598	-0.11036762	-0.10785938	-0.13094448	-0.11727468	-0.11496414	-0.10662738	-0.11944532	-0.104036495	-0.117170095	-0.0984774	-0.112509266	-0.11393176	-0.11274357	-0.11999785	-0.10463491	-0.104095586	-0.109151445	-0.08692096	-0.08117044	-0.093891114	-0.09524848	-0.090007424	-0.087563574	-0.08670148	-0.086357325	-0.0860328	-0.10856601	-0.11187331	-0.11176147	-0.11486435	-0.10690588	-0.10206815	-0.12519355	-0.11185769	-0.11335599	-0.11116793	-0.117881835	-0.107835054	-0.1167154	-0.111124285	-0.13069269	-0.111622654	-0.107652746	-0.110274106	-0.11590794	-0.10420457	-0.10772902	-0.112193115	-0.09764951	-0.09802059	-0.11165808	-0.10482685	-0.037322	-0.11855911	-0.1149046	-0.12181385	-0.12687728	-0.11515262	-0.12722652	-0.119587235	-0.12084193	-0.08979558	-0.09157025	-0.08900749	-0.08742384	-0.10511477	-0.10497753	-0.10002494	-0.09150288	-0.096707694
RIMMA0396.1:250049172	0.25500712	0.25604662	0.24422908	0.27799582	0.12702288	0.18928349	0.15648337	1.8320997	0.22243935	0.22894645	0.26146412	0.22879542	0.23512295	0.34003842	0.11149016	0.05722756	0.07609303	0.08703986	0.045215294	0.03859617	0.07845672	0.04563997	0.038424827	0.1325578	0.18958847	0.22185963	0.16384938	0.16512649	0.17550221	0.18346925	0.13226895	0.13568774	0.23483387	0.12981446	0.20892401	0.20288043	0.11552008	0.20237379	0.16583423	0.05910342	0.092406765	0.11649849	0.13982408	0.14695314	0.0917179	0.040754106	0.042952053	0.08916161	0.052077632	0.17524709	0.18756191	0.19935207	0.16804989	0.17994827	0.18422735	0.11496619	0.029652221	0.117653996	0.20329902	0.22093348	0.17976108	0.17392395	0.12953575	0.1870881	0.16494387	0.15060224	0.14651692	0.15050322	0.1650851	0.19158027	0.13093194	0.19229557	0.17631766	0.16555019	0.15365882	0.13867585	0.1450472	-0.13479134	-0.13335963	-0.1274186	-0.12853266	-0.13277292	-0.15777093	-0.15197515	-0.13304691	-0.12845327	-0.119531974	-0.14045459	-0.13196118	-0.13009985	-0.15052389	-0.13801095	-0.13870654	-0.13942014	-0.16393644	-0.12314333	-0.16816866	-0.14404626	-0.14290586	-0.13337219	-0.15278764	-0.16318181	-0.17016497	-0.1650737	-0.14885755	-0.15894046	-0.16451144	-0.15557115	-0.15761845	-0.14172767	-0.16125947	-0.15387863	-0.15137601	-0.16300598	-0.14292137	-0.14921375	-0.1534567	-0.10969345	-0.12199931	-0.12781912	-0.11620501	-0.117934056	-0.11777309	-0.12958859	-0.12431524	-0.11425338	-0.14929113	-0.152979	-0.16986853	-0.16894135	-0.16409625	-0.15062805	-0.17240435	-0.1628908	-0.15031062	-0.15438364	-0.16479869	-0.15933517	-0.16015594	-0.16428474	-0.16890997	-0.16358973	-0.1630444	-0.14562035	-0.15768808	-0.15573925	-0.15137708	-0.16274203	-0.15810867	-0.15401757	-0.15828086	-0.13825332	-0.05502699	-0.1691772	-0.17320183	-0.15914907	-0.16825962	-0.17526586	-0.17647824	-0.17150256	-0.16556223	-0.11355392	-0.12224675	-0.13263832	-0.12235505	-0.13867962	-0.12453315	-0.13502532	-0.11185409	-0.12582758
RIMMA0397.1:250049184	0.22119792	0.25540993	0.21050632	0.21890093	0.13461876	0.16529804	0.15403071	0.22243935	1.8815883	0.2250582	0.25420332	0.17758712	0.19889258	0.2818601	0.11320565	0.049309544	0.0537853	0.08064388	0.051859993	0.05017005	0.06253094	0.045625906	0.035643548	0.11293082	0.16747089	0.17879736	0.1611891	0.14508434	0.14817885	0.14997135	0.12400507	0.13157466	0.18666962	0.12528628	0.1865816	0.16792968	0.10248264	0.17385703	0.1380438	0.046619404	0.08915847	0.10199095	0.1256624	0.15641701	0.08924792	0.024430545	0.04421789	0.08110527	0.047099795	0.15513586	0.1714286	0.16652873	0.1352612	0.16130707	0.1647733	0.11142386	0.030381873	0.09072831	0.21603173	0.18809275	0.17301911	0.15223883	0.112918034	0.15303679	0.15687022	0.14002071	0.121217005	0.1449375	0.16351452	0.18900649	0.12124984	0.18768102	0.16903947	0.13950653	0.12792654	0.11610865	0.123068064	-0.12188568	-0.13045065	-0.1170727	-0.13001683	-0.13340962	-0.14460588	-0.14100659	-0.1235658	-0.11935261	-0.12103347	-0.1337062	-0.12621585	-0.13106506	-0.13237777	-0.12920433	-0.124936186	-0.124646686	-0.13522287	-0.09864986	-0.14106348	-0.120331064	-0.12074725	-0.11517423	-0.14873724	-0.14321981	-0.14679562	-0.14711767	-0.15162158	-0.14665742	-0.15428655	-0.14752555	-0.14441884	-0.14381714	-0.13337606	-0.13792902	-0.1400789	-0.14325136	-0.13010225	-0.13521858	-0.13494745	-0.105850644	-0.11212046	-0.1164701	-0.113901466	-0.10630828	-0.11386106	-0.10345198	-0.12090474	-0.11616989	-0.13578016	-0.14213154	-0.15042527	-0.14555483	-0.15086201	-0.14144097	-0.14924257	-0.15716273	-0.15015179	-0.14555974	-0.14666985	-0.15004432	-0.15178163	-0.1469343	-0.15164599	-0.14449242	-0.1452095	-0.13204026	-0.14063162	-0.13617493	-0.14189598	-0.15497322	-0.13812925	-0.13751453	-0.12961917	-0.124137044	-0.045044288	-0.14954364	-0.14856987	-0.14999658	-0.15696248	-0.1594892	-0.15762304	-0.15346019	-0.14570385	-0.1259515	-0.11295588	-0.12146218	-0.119515315	-0.12399256	-0.110901155	-0.12713537	-0.10654116	-0.12388726
RIMMA0398.1:250049148	0.24422191	0.2928585	0.24124414	0.24277252	0.15684736	0.1620505	0.177418	0.22894645	0.2250582	1.8981993	0.2657606	0.19900276	0.23404065	0.30651	0.13744044	0.06278662	0.082776286	0.08875936	0.05336867	0.04751054	0.078377515	0.054052748	0.03855315	0.11298667	0.18919788	0.18412834	0.15128279	0.1712043	0.14382432	0.14943923	0.12681082	0.14944485	0.22076286	0.13283108	0.17423671	0.16606581	0.09447881	0.16519603	0.13211542	0.051102854	0.10311988	0.11200898	0.1594097	0.1674727	0.09757095	0.030470595	0.054201256	0.092039876	0.057014026	0.14659595	0.1586859	0.16758774	0.13654503	0.15598409	0.16180247	0.13301241	0.040693883	0.11157325	0.2704298	0.19913116	0.20330742	0.17870474	0.13409162	0.18751034	0.17762855	0.16010478	0.15875192	0.17155899	0.1847227	0.2277521	0.15494515	0.21658556	0.19073191	0.16538447	0.17241421	0.14554937	0.15871787	-0.13670388	-0.1291496	-0.118608035	-0.12349249	-0.13838671	-0.1515374	-0.15283257	-0.13663715	-0.1300891	-0.13566138	-0.14561877	-0.13378729	-0.13893043	-0.14283748	-0.15254912	-0.14117259	-0.14605434	-0.15225491	-0.10201852	-0.15883921	-0.13954225	-0.13762365	-0.1323791	-0.17017952	-0.15724227	-0.17657422	-0.17196725	-0.15874323	-0.15568171	-0.17109376	-0.15450896	-0.16318035	-0.14664961	-0.15352115	-0.1602879	-0.15437809	-0.1679798	-0.14410748	-0.14939673	-0.14744794	-0.11212491	-0.11711481	-0.13218759	-0.12956709	-0.12458553	-0.12945752	-0.12390847	-0.12584727	-0.120282166	-0.15492213	-0.15591194	-0.15391487	-0.15686205	-0.16099304	-0.15280007	-0.17485307	-0.17099506	-0.15969484	-0.1625052	-0.15979311	-0.16027923	-0.15802133	-0.16133727	-0.16803804	-0.15707949	-0.16545844	-0.14521533	-0.15171392	-0.15284374	-0.14292973	-0.15445034	-0.14468014	-0.14301042	-0.14329581	-0.12783429	-0.050765075	-0.1648115	-0.1636994	-0.16676903	-0.17477271	-0.17828533	-0.17332326	-0.16689464	-0.15467627	-0.13359208	-0.119697124	-0.1337033	-0.115429595	-0.13898376	-0.1326893	-0.1398781	-0.11329963	-0.12204999
RIMMA0399.1:250049196	0.26781523	0.30138737	0.2422843	0.28290007	0.15470496	0.18142365	0.18821272	0.26146412	0.25420332	0.2657606	1.8502102	0.2254497	0.23748474	0.33003387	0.1240043	0.059122328	0.06940932	0.10273644	0.049496848	0.0469767	0.072170764	0.05329407	0.043986235	0.14209706	0.18961537	0.23285179	0.17432253	0.16956362	0.1650654	0.19565478	0.13388696	0.14687012	0.21922581	0.12977208	0.22458595	0.1893131	0.11423257	0.2150436	0.16387211	0.061568927	0.10078729	0.10540443	0.14697666	0.16161196	0.090067126	0.042631585	0.03955444	0.09046837	0.050876524	0.18376614	0.20772067	0.20531122	0.15877186	0.19574843	0.19719116	0.11900552	0.03270578	0.111817665	0.23198429	0.2330152	0.19336484	0.16867572	0.1235438	0.18510866	0.19055068	0.15600796	0.14388019	0.16289634	0.1691418	0.22261773	0.13571505	0.22141328	0.19751395	0.17327346	0.15557091	0.14463504	0.13628808	-0.13232583	-0.13876347	-0.1189516	-0.13397121	-0.14542362	-0.16068433	-0.16163357	-0.15092082	-0.14138062	-0.13645467	-0.15857062	-0.14021875	-0.14774884	-0.16113374	-0.14061293	-0.1428479	-0.13830367	-0.15567704	-0.11145945	-0.17403954	-0.14400202	-0.14255042	-0.12824321	-0.16331097	-0.15935005	-0.18919758	-0.16852309	-0.17221405	-0.17415078	-0.18491055	-0.15231016	-0.16233054	-0.15481067	-0.15571539	-0.15627308	-0.14852993	-0.15977955	-0.15743996	-0.1585783	-0.15517665	-0.12044165	-0.13117363	-0.134918	-0.13049869	-0.12053596	-0.12980108	-0.12866235	-0.12856029	-0.123202756	-0.14096253	-0.15831365	-0.16814671	-0.17320389	-0.16866986	-0.15819383	-0.16694672	-0.17680399	-0.17446274	-0.164786	-0.16895737	-0.1747531	-0.16858649	-0.15891369	-0.17552459	-0.17177825	-0.17175165	-0.15176798	-0.16719097	-0.15387915	-0.15069304	-0.15795898	-0.16218078	-0.14255847	-0.16012198	-0.14607862	-0.051714	-0.17081067	-0.16981962	-0.17555293	-0.1843867	-0.18959422	-0.18010075	-0.18462019	-0.15880755	-0.13168718	-0.13069472	-0.14212379	-0.11106889	-0.15148588	-0.13329235	-0.14113837	-0.120855406	-0.13043591
RIMMA0403.2:250049113	0.257769	0.23068613	0.21151799	0.24798296	0.11724546	0.15141848	0.14572014	0.22879542	0.17758712	0.19900276	0.2254497	1.8457158	0.21690556	0.28254324	0.10712629	0.05281175	0.06283931	0.08926553	0.04252904	0.048604663	0.079696484	0.04611874	0.038817164	0.1657941	0.17450139	0.272322	0.20405559	0.16173096	0.18668683	0.20672606	0.1725444	0.14536768	0.22612876	0.16588713	0.26222295	0.23321101	0.14112909	0.24057372	0.18687728	0.03656204	0.08422056	0.11459058	0.13542552	0.13255791	0.09650328	0.03284462	0.047166638	0.08512631	0.057070483	0.22285587	0.23586248	0.24255043	0.20642284	0.22380385	0.22621496	0.12637562	0.037516132	0.09725718	0.191083	0.21208991	0.16851369	0.15371743	0.10718458	0.15856253	0.15750138	0.16341257	0.11918467	0.13493194	0.14908148	0.18642078	0.13239653	0.1866692	0.17487663	0.15449288	0.1533421	0.12792994	0.13495862	-0.14252788	-0.13147984	-0.124086075	-0.13083851	-0.13628937	-0.156635	-0.14482026	-0.13613105	-0.1372102	-0.13423859	-0.15529957	-0.1299777	-0.1389778	-0.15288156	-0.14621441	-0.15182199	-0.13485973	-0.14496894	-0.11685333	-0.15904218	-0.13772169	-0.13294923	-0.12524886	-0.16253048	-0.15680534	-0.17861055	-0.15764216	-0.15358472	-0.16636564	-0.16626374	-0.14853747	-0.15153603	-0.15619211	-0.15707949	-0.14843611	-0.16021942	-0.16273469	-0.14181994	-0.14932299	-0.15662725	-0.12747864	-0.13236481	-0.11952291	-0.12267901	-0.119323075	-0.12936649	-0.12546045	-0.12355969	-0.119810715	-0.1480341	-0.15274225	-0.16598248	-0.1602128	-0.16119605	-0.14994174	-0.1708186	-0.1577596	-0.15815096	-0.16950531	-0.161691	-0.16349162	-0.16709687	-0.15553883	-0.16836204	-0.16362986	-0.16052473	-0.15378925	-0.15776269	-0.1532369	-0.15152098	-0.15550075	-0.14349958	-0.14949162	-0.14112937	-0.1413893	-0.058491524	-0.16534309	-0.16414452	-0.15951781	-0.17179337	-0.1647039	-0.17935485	-0.18081291	-0.16638058	-0.13159852	-0.13010436	-0.13878362	-0.12220485	-0.12761611	-0.13256373	-0.1414301	-0.11891608	-0.1284793
RIMMA0404.1:250049121	0.2487037	0.24495244	0.22407204	0.24562828	0.11791761	0.17018147	0.14886555	0.23512295	0.19889258	0.23404065	0.23748474	0.21690556	1.8878605	0.31234053	0.12400407	0.06616134	0.06992797	0.09190927	0.060167883	0.05052202	0.0728797	0.048554953	0.03848609	0.13535169	0.18359639	0.2127542	0.17318085	0.16466886	0.16736555	0.1705763	0.14284576	0.13926	0.21531683	0.13620585	0.22467211	0.18452218	0.11262386	0.2111	0.16107005	0.05582663	0.09350578	0.1136887	0.14490098	0.16422327	0.09940645	0.03733901	0.03723666	0.083515406	0.046448693	0.17606938	0.1889722	0.19074848	0.1649288	0.1844544	0.18843955	0.109337226	0.04076522	0.11207692	0.205505	0.22690964	0.18841822	0.17391604	0.13438778	0.18353465	0.18465278	0.16448252	0.1482557	0.16799833	0.18221687	0.20648085	0.13894905	0.21184878	0.19530001	0.16391644	0.16535993	0.13813186	0.14593872	-0.12834808	-0.13340214	-0.12927715	-0.13827804	-0.14061564	-0.15604936	-0.1455837	-0.14114913	-0.12441405	-0.12906966	-0.16000631	-0.12456675	-0.14323491	-0.14672688	-0.13502675	-0.14156827	-0.14082904	-0.15498544	-0.112826005	-0.16988881	-0.14305112	-0.13820949	-0.14169921	-0.16130501	-0.14860986	-0.17098579	-0.14965406	-0.15395027	-0.16289172	-0.16797839	-0.14687958	-0.15238583	-0.13959096	-0.15384763	-0.162638	-0.14951596	-0.16109419	-0.13490427	-0.1556209	-0.15742528	-0.10402857	-0.12563936	-0.13343078	-0.12754136	-0.12939146	-0.12298696	-0.12004943	-0.13196768	-0.12695608	-0.15095948	-0.16064875	-0.16278528	-0.16862088	-0.16292804	-0.15044573	-0.17443591	-0.1652163	-0.14765508	-0.15446071	-0.15975639	-0.16330372	-0.1570853	-0.15033537	-0.1613253	-0.15550345	-0.16203186	-0.15370528	-0.16112046	-0.16344373	-0.14351563	-0.1616258	-0.15284148	-0.15151769	-0.15749322	-0.13746573	-0.049362004	-0.16890839	-0.17365931	-0.16182047	-0.18324532	-0.18862586	-0.17567338	-0.17656071	-0.17345683	-0.1273635	-0.11964309	-0.13354553	-0.11112095	-0.13291089	-0.12967777	-0.12771729	-0.11388558	-0.13130091
RIMMA0406.1:250049129	0.31586322	0.32878485	0.29524404	0.35438326	0.14166573	0.23632051	0.20568237	0.34003842	0.2818601	0.30651	0.33003387	0.28254324	0.31234053	1.7662085	0.15169561	0.058051422	0.082399525	0.108428024	0.06376692	0.06446374	0.09216561	0.06841167	0.045371223	0.15842538	0.2194341	0.27794224	0.22076209	0.19772187	0.2079074	0.23137115	0.16619615	0.16973604	0.28107554	0.1670796	0.27607572	0.24322435	0.14033265	0.26175982	0.20220013	0.06143194	0.12019411	0.14988956	0.18592735	0.19296987	0.11772385	0.043221056	0.05441258	0.112348475	0.061860483	0.20977986	0.23814471	0.24576658	0.20249608	0.22101833	0.23442939	0.1432724	0.050780863	0.13302319	0.27460158	0.27661815	0.23810948	0.20824893	0.15199603	0.21224642	0.22502159	0.18883608	0.16185164	0.189204	0.20644931	0.2596484	0.16693452	0.26223174	0.23857467	0.201155	0.20479497	0.16143024	0.17807513	-0.16112122	-0.15808092	-0.14973597	-0.15211262	-0.16970487	-0.19456458	-0.18171212	-0.17572087	-0.14995776	-0.14276603	-0.18638013	-0.15578319	-0.1599061	-0.18148904	-0.16985804	-0.1756558	-0.17197643	-0.19064683	-0.13027538	-0.20200479	-0.1720019	-0.16748898	-0.15731542	-0.20046	-0.18741901	-0.2179065	-0.18925881	-0.18418096	-0.1963394	-0.21107692	-0.17864954	-0.19410071	-0.17305592	-0.18923247	-0.18870051	-0.18580006	-0.19436885	-0.1708943	-0.18521178	-0.19056164	-0.13642125	-0.13966428	-0.1485281	-0.14768879	-0.14013024	-0.14560764	-0.15427536	-0.16333993	-0.14762245	-0.18129395	-0.1894958	-0.20040113	-0.2015149	-0.19329716	-0.18242323	-0.20636155	-0.19229932	-0.1935036	-0.19121185	-0.19507185	-0.19405328	-0.19226243	-0.19173875	-0.21284665	-0.19353439	-0.19224527	-0.17923157	-0.18982913	-0.17527203	-0.18073368	-0.19706249	-0.17328309	-0.17604087	-0.1853026	-0.16802499	-0.05978951	-0.20571135	-0.19899541	-0.19658262	-0.21257678	-0.20911913	-0.20384577	-0.20788099	-0.19234177	-0.1581478	-0.15129203	-0.16386269	-0.14147279	-0.15978633	-0.16303895	-0.16771993	-0.14219652	-0.15874715
RIMMA0409.1:250049161	0.12851253	0.13429105	0.11787285	0.11950498	0.07176798	0.08475411	0.084521204	0.11149016	0.11320565	0.13744044	0.1240043	0.10712629	0.12400407	0.15169561	1.832489	0.056505017	0.07343341	0.06794967	0.038370218	0.045224167	0.05704893	0.04740797	0.0332055	0.05924653	0.10697233	0.09221735	0.07775676	0.1248147	0.0860025	0.069202565	0.057989176	0.106704555	0.11773085	0.068125695	0.08957245	0.08728202	0.05300116	0.08592793	0.0714745	0.04419865	0.08665125	0.09021337	0.118035786	0.11502972	0.073682696	0.034773782	0.031990655	0.0757097	0.05140693	0.07502431	0.07815529	0.08290623	0.05521875	0.0816798	0.08924499	0.08933823	0.03714498	0.07997118	0.12417654	0.10395134	0.14107527	0.13679469	0.09570975	0.12648892	0.13006297	0.093635164	0.09992699	0.13831387	0.13601542	0.18449299	0.10194876	0.14380327	0.13040231	0.124045104	0.11175604	0.11597092	0.12775584	-0.09659927	-0.08620852	-0.08372662	-0.08570549	-0.10101472	-0.10631337	-0.09347828	-0.08836912	-0.08026449	-0.08530059	-0.098059736	-0.08920314	-0.08448804	-0.10479106	-0.09034099	-0.08813105	-0.09491534	-0.1050591	-0.07844829	-0.10963725	-0.09317672	-0.09354104	-0.07461591	-0.110825226	-0.09721347	-0.1204542	-0.100609824	-0.0994754	-0.10935077	-0.10940458	-0.10302394	-0.10126624	-0.10495387	-0.10961159	-0.10570711	-0.09018105	-0.10255473	-0.09687716	-0.10531417	-0.09686236	-0.07409573	-0.08287334	-0.08148097	-0.083962575	-0.07723417	-0.08591113	-0.08281799	-0.08944386	-0.080021955	-0.10596235	-0.111102976	-0.11925834	-0.10596511	-0.095965855	-0.09719875	-0.11660557	-0.11198663	-0.1001502	-0.11100295	-0.10690722	-0.10113241	-0.11594505	-0.09655225	-0.11475431	-0.10808503	-0.10575815	-0.10535285	-0.10470845	-0.0951497	-0.0892482	-0.10156444	-0.093748674	-0.09098938	-0.1089679	-0.08598285	-0.032988783	-0.11733904	-0.10801171	-0.109265365	-0.117857	-0.12225161	-0.12080058	-0.10423693	-0.10896787	-0.084096014	-0.081858225	-0.08010837	-0.075774714	-0.088052176	-0.080356814	-0.08382717	-0.06619041	-0.07760428
RIMMA0416.1:250049185	0.048756566	0.055832233	0.059269127	0.050973658	0.020808788	0.023210105	0.03428839	0.05722756	0.049309544	0.06278662	0.059122328	0.05281175	0.06616134	0.058051422	0.056505017	1.8308309	0.1523625	0.16581716	0.08459374	0.06512415	0.15064447	0.11692834	0.07211308	0.014340732	0.04798804	0.038231447	0.03439023	0.04509332	0.04369098	0.033584375	0.031952612	0.06368395	0.042246826	0.07026331	0.042400934	0.03187784	0.019925399	0.035539456	0.032656614	0.06811111	0.020541318	0.08889189	0.081154965	0.08249012	0.072430395	0.07120816	0.07676136	0.04951748	0.03763283	0.031017844	0.031606395	0.040923323	0.026484124	0.024182916	0.035310987	0.07208778	0.0642052	0.08617319	0.052514784	0.03818727	0.06003938	0.070217736	0.039389003	0.059081823	0.06424704	0.03131287	0.041098382	0.05541011	0.06316027	0.07651092	0.04092362	0.06937421	0.065952696	0.04928746	0.070689775	0.075579174	0.07458278	-0.07189115	-0.061154537	-0.060990196	-0.071011424	-0.06565272	-0.07598431	-0.06557051	-0.06680875	-0.043985803	-0.044888318	-0.06954676	-0.052353706	-0.060748443	-0.061075393	-0.065736674	-0.06729711	-0.051234193	-0.06525219	-0.05199337	-0.06950166	-0.06386804	-0.056795347	-0.04625851	-0.07458112	-0.067904785	-0.07741298	-0.0719757	-0.06739947	-0.07236296	-0.07504568	-0.055053633	-0.070919834	-0.06774124	-0.073817186	-0.07254164	-0.074328184	-0.07466433	-0.06002777	-0.070488326	-0.06604903	-0.052933205	-0.061434094	-0.05535465	-0.055224653	-0.057161193	-0.048369855	-0.053440183	-0.06523735	-0.06669423	-0.06435668	-0.078266054	-0.07765271	-0.06871789	-0.07044489	-0.06706001	-0.08459888	-0.087745555	-0.073937416	-0.079930104	-0.07548851	-0.05847171	-0.083246484	-0.07232843	-0.08160611	-0.085815586	-0.07435677	-0.066428006	-0.075261444	-0.063142985	-0.06415964	-0.07310328	-0.07099495	-0.058826976	-0.06345348	-0.05165855	0.016244138	-0.09311524	-0.08088226	-0.080665864	-0.08929209	-0.08246201	-0.08044017	-0.08694851	-0.07268921	-0.057987045	-0.056492887	-0.06508565	-0.055390496	-0.06898243	-0.059747797	-0.06218033	-0.057515144	-0.05723733
RIMMA0417.1:250049197	0.08211556	0.083466455	0.08294275	0.072295085	0.03948402	0.049305074	0.04089145	0.07609303	0.0537853	0.082776286	0.06940932	0.06283931	0.06992797	0.082399525	0.07343341	0.1523625	1.8533754	0.20142461	0.10328627	0.08417985	0.18920937	0.15077163	0.08537482	0.032531697	0.08120871	0.06313303	0.06838919	0.06162395	0.060705848	0.0477801	0.0377082	0.09147379	0.0720257	0.07569025	0.07240473	0.04697295	0.028759582	0.056739822	0.0460741	0.08004112	0.04407654	0.1333546	0.11892431	0.098605685	0.09409774	0.0699937	0.10064253	0.06283117	0.060528137	0.050592434	0.056369632	0.05186753	0.04026475	0.04892883	0.049956348	0.084398285	0.08625307	0.111213155	0.058789235	0.065786965	0.08616894	0.081490524	0.054605164	0.083170466	0.08278392	0.04204953	0.053443555	0.08570788	0.08334021	0.106722176	0.06456259	0.10569076	0.09829128	0.07074725	0.10145451	0.10589419	0.08748133	-0.07537129	-0.07118958	-0.07348126	-0.078953825	-0.08523484	-0.0929376	-0.07904738	-0.078642584	-0.067372896	-0.057396624	-0.09146376	-0.06820005	-0.07882591	-0.08368425	-0.07879842	-0.07337157	-0.07574553	-0.08585475	-0.04352239	-0.099236175	-0.078918815	-0.07189797	-0.067760445	-0.09587549	-0.09988766	-0.10673242	-0.094809376	-0.09258529	-0.09869035	-0.106786415	-0.088593125	-0.092854165	-0.093566984	-0.098051794	-0.08494611	-0.08870439	-0.09101223	-0.072882	-0.08137085	-0.0853717	-0.051414963	-0.074616924	-0.07350129	-0.06583047	-0.06953117	-0.06357629	-0.064236246	-0.076379314	-0.07413504	-0.08267625	-0.10459332	-0.099535085	-0.097362824	-0.090961	-0.08211073	-0.094426446	-0.10220828	-0.08867685	-0.08961936	-0.08791036	-0.07859003	-0.10163527	-0.084404394	-0.098524705	-0.10320122	-0.10156614	-0.09197701	-0.09349451	-0.09315425	-0.086059324	-0.1029589	-0.08896868	-0.08098611	-0.08379656	-0.075875856	0.025233954	-0.09100899	-0.110962674	-0.0932607	-0.11084584	-0.10856444	-0.0974107	-0.10116915	-0.103115566	-0.07312422	-0.06580157	-0.07207673	-0.06362684	-0.07438232	-0.07069952	-0.07484433	-0.05739787	-0.0743116
RIMMA0418.1:250049149	0.10978706	0.10129689	0.09013647	0.08678751	0.045449838	0.057847872	0.0501088	0.08703986	0.08064388	0.08875936	0.10273644	0.08926553	0.09190927	0.108428024	0.06794967	0.16581716	0.20142461	1.8566769	0.111119956	0.07956086	0.2158778	0.15779237	0.10854954	0.029884402	0.081207626	0.08037544	0.08262216	0.09292747	0.06779583	0.05730876	0.03435177	0.10830106	0.07095229	0.09307108	0.08010002	0.071410194	0.04461831	0.071093895	0.046384294	0.090607546	0.061872408	0.14030625	0.15003756	0.116660856	0.09774592	0.077481486	0.103183836	0.079572	0.044096395	0.05712899	0.055123236	0.063800216	0.03958912	0.06655169	0.060418937	0.09885611	0.09780529	0.12971808	0.08066682	0.06934865	0.09550738	0.09733192	0.06657248	0.10190029	0.08926854	0.06745534	0.080163755	0.099456616	0.10151658	0.11452119	0.072673045	0.10989237	0.11423646	0.08126173	0.1198903	0.11990235	0.11600028	-0.0783818	-0.06819861	-0.06492114	-0.077813394	-0.08698282	-0.095861554	-0.08940843	-0.08997215	-0.08034554	-0.07275604	-0.09584054	-0.079875514	-0.08245908	-0.09535967	-0.094417274	-0.09161932	-0.08749022	-0.09163251	-0.06057674	-0.10271365	-0.07591051	-0.08078896	-0.07820799	-0.10381513	-0.10322681	-0.11771607	-0.10523963	-0.10858464	-0.10628409	-0.11482995	-0.094388194	-0.11156895	-0.10309783	-0.09609849	-0.0988181	-0.0877716	-0.095752284	-0.083398715	-0.08785775	-0.09850006	-0.082876384	-0.0858946	-0.08104316	-0.073735565	-0.07906204	-0.06691542	-0.07080962	-0.08037565	-0.076730415	-0.096271574	-0.11113217	-0.11717745	-0.11675198	-0.098295316	-0.100738995	-0.10698401	-0.116149396	-0.102151096	-0.103837244	-0.09787361	-0.09512549	-0.10834693	-0.092465095	-0.11741241	-0.11560311	-0.11358754	-0.09362122	-0.10648448	-0.09460814	-0.09086853	-0.102977306	-0.098447606	-0.09759083	-0.089366816	-0.08640982	0.012295896	-0.11947833	-0.12768836	-0.10920808	-0.12639552	-0.12933734	-0.13195069	-0.12088696	-0.11899379	-0.08521483	-0.080711305	-0.08316419	-0.06873011	-0.08009091	-0.08010931	-0.08439248	-0.074123584	-0.0811098
RIMMA0421.1:250049122	0.06130376	0.05741414	0.072127625	0.061860472	0.013777607	0.03350889	0.023815436	0.045215294	0.051859993	0.05336867	0.049496848	0.04252904	0.060167883	0.06376692	0.038370218	0.08459374	0.10328627	0.111119956	1.8004756	0.10800743	0.091623396	0.08672131	0.07027049	0.026075026	0.047546435	0.05646881	0.06601423	0.0531264	0.039098464	0.05232328	0.031130472	0.088199474	0.04849847	0.07843476	0.046888486	0.03783549	0.019916143	0.057305086	0.030589204	0.11203208	0.028072843	0.109308526	0.089430235	0.09386117	0.071504466	0.103887156	0.15158924	0.060179505	0.0673889	0.03318781	0.045035634	0.052640323	0.044168033	0.04581018	0.045419537	0.092123814	0.14474054	0.079124756	0.03517555	0.046583552	0.050811723	0.057219654	0.0336377	0.05772356	0.0642724	0.027256494	0.053628307	0.047946557	0.071400896	0.074460804	0.041450515	0.06964168	0.0749543	0.047029816	0.09451355	0.0821767	0.07197921	-0.08027139	-0.078528315	-0.08611234	-0.08515103	-0.086866155	-0.070234165	-0.06170561	-0.053223867	-0.039602056	-0.04759564	-0.07215032	-0.056461968	-0.058267217	-0.06350599	-0.06166423	-0.06640703	-0.054391216	-0.07027714	-0.028429009	-0.08141012	-0.053050406	-0.047586188	-0.049502015	-0.064472586	-0.07554133	-0.09423335	-0.080217585	-0.07117915	-0.07830453	-0.08735195	-0.07289442	-0.07589291	-0.06662623	-0.07003872	-0.07434959	-0.06608756	-0.07171611	-0.043883137	-0.0677995	-0.08153763	-0.06904447	-0.070679106	-0.06792039	-0.074881464	-0.0637946	-0.069341145	-0.06060972	-0.06993366	-0.07865458	-0.073065504	-0.07666686	-0.09037405	-0.07995187	-0.08034712	-0.063523665	-0.094034165	-0.0884985	-0.0728743	-0.08289693	-0.07375095	-0.06994777	-0.078188196	-0.0637765	-0.09093754	-0.08423366	-0.076424204	-0.06443095	-0.07445781	-0.06996659	-0.069616936	-0.06816606	-0.0662653	-0.059251323	-0.0639124	-0.04658297	0.07400144	-0.0874343	-0.08569961	-0.07543461	-0.1039678	-0.090496294	-0.086139604	-0.08384462	-0.082504965	-0.07871615	-0.072206296	-0.08880689	-0.06477386	-0.07475101	-0.081929736	-0.072964616	-0.072727084	-0.06558296
RIMMA0422.1:250049130	0.045967776	0.051261973	0.047970977	0.050537	0.012848649	0.03804526	0.03118824	0.03859617	0.05017005	0.04751054	0.0469767	0.048604663	0.05052202	0.06446374	0.045224167	0.06512415	0.08417985	0.07956086	0.10800743	1.7830347	0.07357199	0.07392779	0.057079125	0.022517161	0.036240242	0.033955194	0.058945403	0.05193803	0.038826726	0.029308138	0.014099492	0.070563205	0.050527044	0.06257987	0.044524	0.025093753	0.010408668	0.05039194	0.032410223	0.08694157	0.027264958	0.07968654	0.08552649	0.072938815	0.06614793	0.0729161	0.10524259	0.04361548	0.059143983	0.03118651	0.027849019	0.03519425	0.034712426	0.03410619	0.027558371	0.077998534	0.10647091	0.07603388	0.038414773	0.037197173	0.048637465	0.044893015	0.034005884	0.059475325	0.04969737	0.03416235	0.04453592	0.048262857	0.056635667	0.052967627	0.034398988	0.0638181	0.05916861	0.03411516	0.07691182	0.07206396	0.06463364	-0.06380124	-0.06569019	-0.062654875	-0.072693355	-0.06595103	-0.07022924	-0.060749434	-0.053824235	-0.037054606	-0.04357814	-0.063757084	-0.04153109	-0.032215387	-0.06794589	-0.050572906	-0.04549194	-0.03741945	-0.058649633	-0.023097076	-0.0686585	-0.039572332	-0.029438335	-0.05162436	-0.06282453	-0.07045151	-0.07240162	-0.06838254	-0.06660815	-0.06705751	-0.08195081	-0.055784296	-0.057537567	-0.048720576	-0.056993034	-0.065195315	-0.06450869	-0.06607283	-0.047129657	-0.06289992	-0.06904539	-0.05731325	-0.06181886	-0.076753296	-0.061576307	-0.05614508	-0.05949509	-0.060431752	-0.06560488	-0.069777094	-0.0627698	-0.07007234	-0.06978756	-0.06835895	-0.066090725	-0.06379545	-0.07813472	-0.071803495	-0.06091827	-0.06656511	-0.06432	-0.067763604	-0.07536412	-0.06603722	-0.071924955	-0.07770834	-0.06756398	-0.05897796	-0.0607895	-0.064323366	-0.06639503	-0.073090255	-0.06325092	-0.049509034	-0.065446705	-0.047529235	0.042892024	-0.07253805	-0.08035036	-0.065553986	-0.07992222	-0.08545839	-0.07333606	-0.071352385	-0.064858675	-0.068541475	-0.06933036	-0.06448458	-0.057902586	-0.06573512	-0.06846893	-0.0750524	-0.065873116	-0.06839713
