##Centered_IBS.SumPk=53671.32540661737
##Matrix_Type=Centered_IBS
170
amA:250481966	1.6314713	0.6518629	0.6988536	0.6579769	0.80919796	0.12184686	0.08847091	0.10469255	0.09261672	0.094862334	0.10848042	0.07701759	0.08304119	0.10547309	0.089127004	0.10187679	0.077792354	0.12093942	0.09577693	0.118334785	0.10079915	0.08974777	0.09297245	0.1363959	0.1304574	0.12709902	0.115837045	0.12906742	0.13119094	0.124070585	0.1259007	0.12107868	0.09945634	0.106626146	0.105758145	0.10949533	0.1158687	0.0874319	0.100754455	0.118515804	0.1885487	0.20037219	0.19970636	0.20339571	0.18992916	0.20968084	0.20230633	0.19831116	0.19301045	0.1419398	0.12951252	0.12508622	0.12664987	0.12344443	0.12163749	0.14186198	0.13562831	0.12930994	0.13918878	0.12484123	0.12459081	0.15131865	0.12377511	0.14213721	0.13320833	0.121024676	0.1156089	0.10320573	0.122729644	0.09401625	0.0927977	0.07857128	0.111083634	0.116664305	0.10161338	-0.010391938	0.1267357	0.12678675	0.15084636	0.15744886	0.13652872	0.14174432	0.12598124	0.1385762	0.39297032	0.40886632	0.4132534	0.3882323	0.39468262	0.40251198	0.426112	0.4136529	0.39232653	-0.27484646	-0.26426136	-0.27948707	-0.277491	-0.18675555	-0.25109753	-0.24481651	-0.28697678	-0.28273067	-0.27771765	-0.27266118	-0.282577	-0.2664898	-0.2704017	-0.222535	-0.121899135	-0.15121797	-0.15260808	-0.10111591	-0.11209849	-0.15529384	-0.120406784	-0.08514135	-0.29925805	-0.2803117	-0.30691007	-0.27236342	-0.2488271	-0.29605773	-0.3138537	-0.30323192	-0.21756564	-0.2815769	-0.22074434	-0.30864975	-0.31546706	-0.25663027	-0.30455574	-0.28333995	-0.10855212	-0.14573494	-0.17614652	-0.17864816	-0.21500161	-0.17330763	-0.08390317	-0.105576225	-0.16102679	-0.098824605	-0.32238525	-0.3230646	-0.3131042	-0.30220476	-0.31236455	-0.32372633	-0.19961071	-0.096324086	-0.18120484	-0.27739942	-0.27866012	-0.24606699	-0.2425774	-0.22484854	-0.2528583	-0.25185496	-0.26158556	-0.22357762	-0.24833705	-0.23643023	-0.23564357	-0.24418615	-0.2584502	-0.23593713	-0.25878006	-0.22164948	-0.20105095	-0.21123192
amB:250481967	0.6518629	1.5987178	0.6182166	0.6425703	0.6743776	0.12538023	0.10011893	0.10968527	0.09306052	0.08453172	0.1068085	0.09485082	0.08458926	0.097469494	0.07754111	0.1021563	0.10075768	0.12553528	0.10203151	0.13489437	0.1179142	0.10078474	0.10141994	0.14910577	0.13524805	0.13655432	0.12206123	0.14790906	0.1536028	0.13296483	0.12429153	0.1257767	0.10319968	0.11973813	0.11933019	0.114030056	0.11358411	0.09670205	0.117881335	0.13231479	0.19738658	0.20473641	0.20617765	0.19357583	0.20282637	0.1938344	0.20236643	0.20530793	0.20034677	0.14471105	0.1355446	0.12756178	0.13261767	0.123187214	0.12704872	0.14575613	0.15141843	0.12931621	0.13523075	0.1278202	0.12311489	0.15636037	0.12470419	0.14625168	0.14095584	0.13585442	0.13109845	0.11054918	0.12809178	0.09014517	0.10117605	0.088116534	0.1181878	0.1180576	0.11406045	-0.007888457	0.13174203	0.13178681	0.1543131	0.15177129	0.14746326	0.14719734	0.13146363	0.14874011	0.39337116	0.40071437	0.4077438	0.38288012	0.41489562	0.3898077	0.40908942	0.3930224	0.4009916	-0.27029204	-0.26875082	-0.29170612	-0.28448102	-0.18870099	-0.25392863	-0.24121098	-0.2830849	-0.28335035	-0.27411324	-0.27762362	-0.2754647	-0.27522326	-0.2759381	-0.21942894	-0.11321502	-0.15397564	-0.15453035	-0.11096658	-0.11461751	-0.15402743	-0.12513822	-0.082608245	-0.3063637	-0.28546357	-0.31144086	-0.2815397	-0.26082322	-0.29178035	-0.32075474	-0.30244127	-0.21333297	-0.28648233	-0.21416864	-0.3095339	-0.3198018	-0.26007828	-0.3176999	-0.28780296	-0.11030797	-0.15150994	-0.19160494	-0.19236991	-0.21834959	-0.17100096	-0.08235307	-0.107789084	-0.16102938	-0.09853221	-0.3309452	-0.32497355	-0.315772	-0.30198863	-0.31452367	-0.32104942	-0.19332607	-0.08655121	-0.18229651	-0.2767659	-0.28278926	-0.24367616	-0.24542435	-0.21300666	-0.24144629	-0.2591411	-0.269536	-0.23013219	-0.24453606	-0.250094	-0.24367303	-0.24666893	-0.2546427	-0.24150369	-0.24730976	-0.21440583	-0.20437492	-0.22488737
amC:250481968	0.6988536	0.6182166	1.5746243	0.6748696	0.73716766	0.12208106	0.107073024	0.10456986	0.09498437	0.10108064	0.109100915	0.082236074	0.09592381	0.11517158	0.08445704	0.09539904	0.082195565	0.12244092	0.10263039	0.118767224	0.10196688	0.10030735	0.09312535	0.1505477	0.13458093	0.14002417	0.11983733	0.13154064	0.13343106	0.13514802	0.13468051	0.12317251	0.098959565	0.11825752	0.11119439	0.122419976	0.10485053	0.09887409	0.116106376	0.1267853	0.19289681	0.2053954	0.20476693	0.21368605	0.20058528	0.20241767	0.20836245	0.19299626	0.19367701	0.14871119	0.14523864	0.12416182	0.13039169	0.12034057	0.12912929	0.13790075	0.1478728	0.12865983	0.13138328	0.11961754	0.119233675	0.14892408	0.1253299	0.15032652	0.12891442	0.11146695	0.13103776	0.11159248	0.12094958	0.09457317	0.097283036	0.08546198	0.10889671	0.113149546	0.09833345	-0.004783931	0.13328396	0.1337324	0.16326804	0.15529442	0.14151403	0.15070587	0.12819104	0.15607463	0.38742977	0.39783835	0.40392852	0.39163342	0.39383194	0.39215314	0.4081516	0.3910055	0.38047242	-0.26565373	-0.26870754	-0.28974432	-0.28802785	-0.18528466	-0.254318	-0.24373603	-0.2866756	-0.28236157	-0.27196488	-0.26886123	-0.27761438	-0.27717862	-0.27887872	-0.2133382	-0.114262894	-0.15144384	-0.14823009	-0.10977465	-0.11358838	-0.16347075	-0.11892273	-0.08574877	-0.30107385	-0.28452066	-0.30324015	-0.27017224	-0.2545178	-0.29983783	-0.3198112	-0.31030232	-0.22370692	-0.2846565	-0.2161349	-0.30279776	-0.3157079	-0.2585772	-0.31669876	-0.28753704	-0.10186633	-0.14303531	-0.18977703	-0.18609717	-0.21417704	-0.1727901	-0.07572792	-0.110143684	-0.15558155	-0.10040436	-0.33525023	-0.32129034	-0.31473267	-0.3052684	-0.31317672	-0.3202668	-0.19403087	-0.09341696	-0.18621306	-0.27503234	-0.28028846	-0.2571614	-0.23970708	-0.21695115	-0.2563596	-0.24965222	-0.26148364	-0.22485992	-0.246269	-0.24388605	-0.25255367	-0.24613298	-0.2495693	-0.23639841	-0.24975467	-0.2237443	-0.19829611	-0.2166187
amD:250481969	0.6579769	0.6425703	0.6748696	1.587952	0.63316876	0.12289712	0.095399074	0.10421291	0.09493138	0.09352063	0.10369021	0.08063263	0.07675209	0.096242085	0.086480804	0.09961776	0.0883741	0.1197191	0.09357423	0.11541562	0.10491942	0.11492427	0.09644425	0.14730737	0.13396718	0.13392343	0.11849618	0.12750344	0.13116188	0.13123448	0.13504985	0.113690585	0.09977356	0.11358657	0.11228823	0.11133759	0.10419647	0.094900064	0.101000555	0.12507345	0.18450338	0.1905635	0.18754159	0.19645411	0.18966974	0.19501454	0.2014494	0.1829968	0.18989605	0.14375845	0.13333832	0.12738723	0.13010205	0.11598135	0.12891093	0.14065833	0.14756925	0.12740777	0.13029414	0.12385345	0.11447206	0.1524744	0.12021446	0.1371106	0.13127597	0.120749235	0.1263713	0.09394147	0.11693893	0.089197055	0.08621629	0.08411505	0.10897176	0.11880353	0.095088564	-0.013434827	0.13526873	0.12922354	0.15271209	0.14538774	0.12177079	0.14223018	0.12864709	0.14845197	0.38124734	0.38562346	0.3888438	0.37706685	0.39091545	0.3830554	0.3907928	0.3884832	0.3794533	-0.25799656	-0.25789598	-0.28125295	-0.27856606	-0.19182171	-0.24130201	-0.23487617	-0.27458534	-0.27562076	-0.2565719	-0.2636654	-0.26609924	-0.2665461	-0.25980902	-0.2066199	-0.11656563	-0.15369566	-0.14497985	-0.11250091	-0.11704153	-0.15743108	-0.1297522	-0.08078875	-0.2910475	-0.27475923	-0.30155084	-0.27610067	-0.25146237	-0.28093135	-0.30546513	-0.2965487	-0.208616	-0.2740745	-0.2114648	-0.29761377	-0.3141544	-0.25917262	-0.30270904	-0.28436163	-0.105094515	-0.14065485	-0.17373398	-0.17163463	-0.21562277	-0.16177374	-0.08002586	-0.10584311	-0.14422025	-0.10646915	-0.3177496	-0.3129875	-0.3113253	-0.30364075	-0.30564964	-0.31395307	-0.1959212	-0.093116775	-0.17369744	-0.26619738	-0.275835	-0.23535025	-0.23781765	-0.2110932	-0.23757744	-0.2452392	-0.25283262	-0.22562705	-0.23993361	-0.2324508	-0.23145711	-0.23309097	-0.2492842	-0.22970971	-0.23489456	-0.20539734	-0.19677123	-0.20811538
amE:250481970	0.80919796	0.6743776	0.73716766	0.63316876	1.5794089	0.12152015	0.0957805	0.10626087	0.081353605	0.094406374	0.09603808	0.073440194	0.0725101	0.09967193	0.08338014	0.1006048	0.09608208	0.11665127	0.09818347	0.118353695	0.09831402	0.083435	0.0916229	0.13011974	0.13308285	0.12713602	0.103161484	0.13118222	0.13559616	0.12754773	0.123097904	0.11210868	0.09739963	0.11941641	0.11196125	0.10404716	0.1106924	0.0887013	0.10844794	0.11324352	0.1904912	0.20597084	0.2013212	0.20583192	0.20546958	0.20048709	0.19272023	0.2021921	0.200719	0.13643911	0.12721546	0.118415825	0.12689887	0.116172224	0.121917225	0.13859075	0.13939261	0.11600781	0.12837712	0.117519945	0.11578232	0.14185607	0.111372925	0.13680746	0.124694854	0.11969395	0.118466295	0.09968051	0.124603465	0.09790913	0.09447004	0.08195037	0.11467689	0.10809455	0.08466404	-0.017760238	0.11851077	0.1252004	0.14339718	0.1395561	0.13714996	0.1377583	0.1189947	0.13896665	0.39216593	0.41262394	0.4216907	0.39317608	0.41673082	0.4077169	0.42249313	0.39395818	0.3932569	-0.26859707	-0.26375607	-0.2824955	-0.27519453	-0.1835835	-0.24593094	-0.24010935	-0.27659655	-0.27613503	-0.26986226	-0.27820948	-0.27278602	-0.26890826	-0.2631278	-0.2206585	-0.1090402	-0.15798266	-0.15472706	-0.09952933	-0.1145082	-0.1549998	-0.12674145	-0.081190154	-0.30112562	-0.28363898	-0.29608735	-0.2721032	-0.24932037	-0.29557243	-0.31199118	-0.29330748	-0.21306123	-0.27156875	-0.21961112	-0.3089716	-0.3143997	-0.26299107	-0.3139175	-0.28852013	-0.101466104	-0.13779435	-0.18144253	-0.17754264	-0.20550252	-0.1733812	-0.07403288	-0.10314005	-0.15520746	-0.10296193	-0.32664123	-0.32707778	-0.3135635	-0.29426238	-0.30587387	-0.32046446	-0.19277665	-0.096922554	-0.17861447	-0.27687177	-0.27336207	-0.24296637	-0.24838206	-0.21688527	-0.24406688	-0.24985088	-0.26351056	-0.22228578	-0.24416566	-0.23652789	-0.23938963	-0.24192016	-0.24524096	-0.23066497	-0.24189076	-0.21921316	-0.19587873	-0.21773362
cl11:250481955	0.12184686	0.12538023	0.12208106	0.12289712	0.12152015	1.6413206	0.25271532	0.24343354	0.27377832	0.21735255	0.30035222	0.29697424	0.22598867	0.29631343	0.20606895	0.19586092	0.2055594	0.24273385	0.14682749	0.22725922	0.24520093	0.20898718	0.18653278	0.23820612	0.22127858	0.25084725	0.23455228	0.23118521	0.25358856	0.22645693	0.22061749	0.2431462	0.21162274	0.22044273	0.21484247	0.22229066	0.21871969	0.19812493	0.20469177	0.23708963	0.097795464	0.091946244	0.10236966	0.10066689	0.092700146	0.1029579	0.10455426	0.10667792	0.10394193	0.25622973	0.23584627	0.23384094	0.23406626	0.21772969	0.22948746	0.24688254	0.25322157	0.23674889	0.22282234	0.21007948	0.21038473	0.23976448	0.22899762	0.2359345	0.23310746	0.21124361	0.22229713	0.24689487	0.23800147	0.22678114	0.23421544	0.21142797	0.21768428	0.20940304	0.20323876	0.07691784	0.23660743	0.23703282	0.21375574	0.25602794	0.22242112	0.23281752	0.22727288	0.2156502	0.123420045	0.108057074	0.113718204	0.11813637	0.12073554	0.11385184	0.11401564	0.12174726	0.10104876	-0.29417533	-0.29037175	-0.31092972	-0.3145523	-0.21264131	-0.26171002	-0.27359688	-0.30987063	-0.30821937	-0.30190116	-0.3028876	-0.31359804	-0.30047372	-0.30139387	-0.24315073	-0.1318925	-0.18156329	-0.18357153	-0.10040234	-0.11068097	-0.19239827	-0.14549233	-0.09428627	-0.3316463	-0.3167219	-0.33212855	-0.30021778	-0.2919115	-0.32575527	-0.34735215	-0.3306001	-0.25569287	-0.3063429	-0.24021122	-0.35021353	-0.355857	-0.28412446	-0.35330516	-0.31228366	-0.11834508	-0.156996	-0.20341377	-0.2138371	-0.23735654	-0.20466098	-0.07590867	-0.10397907	-0.17267726	-0.10792033	-0.3464848	-0.35194752	-0.3403225	-0.320002	-0.3492464	-0.3524703	-0.20999584	-0.08819863	-0.21314111	-0.30415395	-0.31337765	-0.29638284	-0.27517217	-0.24485415	-0.28555423	-0.2771996	-0.30000886	-0.25829998	-0.28835025	-0.27013484	-0.27651563	-0.2629925	-0.291677	-0.26068267	-0.2875949	-0.231559	-0.21617489	-0.2561532
cl12:250481956	0.08847091	0.10011893	0.107073024	0.095399074	0.0957805	0.25271532	1.5565888	0.22109015	0.21022479	0.219849	0.24090295	0.19112945	0.23874597	0.24465293	0.20414034	0.20996349	0.18351522	0.18864618	0.17154522	0.20717792	0.18462485	0.18267848	0.18761626	0.20153256	0.19639747	0.21574952	0.20609584	0.2114443	0.20733856	0.21279256	0.2046425	0.21552502	0.20562671	0.19774054	0.19472496	0.20677024	0.2075479	0.18792929	0.20537165	0.21712705	0.09796774	0.101099715	0.09998572	0.09834413	0.0945254	0.09649192	0.09443304	0.11244968	0.11134806	0.20998693	0.22178575	0.21544541	0.21102846	0.19174817	0.20612007	0.22452378	0.21737717	0.19975677	0.21372265	0.20872796	0.20135057	0.22592723	0.20467767	0.21199319	0.2222285	0.1866654	0.19773853	0.2235437	0.21588592	0.20611735	0.19598961	0.1944704	0.19354329	0.20602791	0.18312839	0.06691114	0.21253942	0.22768185	0.19732524	0.21467647	0.21555938	0.21680252	0.2085831	0.19139086	0.11426991	0.1071332	0.10819971	0.105262816	0.109369695	0.10519085	0.13017693	0.12240682	0.104186855	-0.27722582	-0.2697417	-0.2797785	-0.28778228	-0.19470629	-0.2429876	-0.24157865	-0.2959996	-0.28857452	-0.2852021	-0.2888477	-0.277041	-0.26931223	-0.27674645	-0.22560824	-0.11243552	-0.14807759	-0.15704721	-0.081116065	-0.0957394	-0.17275457	-0.13192661	-0.0749605	-0.31294203	-0.28671327	-0.31369475	-0.27006692	-0.26605237	-0.2887929	-0.3198399	-0.30625945	-0.227221	-0.29024404	-0.21279109	-0.3061601	-0.32501027	-0.26414293	-0.3196892	-0.28996095	-0.09603285	-0.14515325	-0.18668221	-0.1937755	-0.22042497	-0.1949111	-0.061475858	-0.07525591	-0.16239369	-0.08951061	-0.33195114	-0.3281999	-0.31896484	-0.29696482	-0.31880298	-0.3220689	-0.18366885	-0.060969457	-0.19887641	-0.27675813	-0.28658146	-0.26660797	-0.25373113	-0.2296318	-0.26447508	-0.24801633	-0.2802286	-0.22895746	-0.265163	-0.25098446	-0.25959697	-0.25291434	-0.26580083	-0.22464277	-0.25503996	-0.20831668	-0.2163232	-0.23620202
cl1:250481948	0.10469255	0.10968527	0.10456986	0.10421291	0.10626087	0.24343354	0.22109015	1.6343409	0.21987842	0.1843308	0.22240841	0.20704755	0.21619552	0.22152449	0.22385582	0.20980166	0.18960077	0.19666757	0.15907097	0.23202957	0.19503242	0.17439243	0.19447899	0.20295568	0.2101577	0.22388963	0.21208878	0.21777399	0.22419411	0.21462628	0.21243194	0.206655	0.20021771	0.20772661	0.20122218	0.2051803	0.20308821	0.18233626	0.20465033	0.2341477	0.093298264	0.101863414	0.10602051	0.10772411	0.097847216	0.09981059	0.10256179	0.11279553	0.106368944	0.21392137	0.21918394	0.21919082	0.21998364	0.20003332	0.21712056	0.2234962	0.21639104	0.20783328	0.21534108	0.1984244	0.19928876	0.2319431	0.23090033	0.22346333	0.231901	0.21742499	0.20617719	0.22389676	0.2242401	0.20087598	0.19245543	0.17947719	0.20264941	0.24101451	0.18590103	0.074713685	0.22242454	0.23494524	0.21060127	0.24143697	0.23198807	0.22885251	0.2168318	0.19866902	0.11159474	0.09849204	0.10838168	0.104985856	0.11534588	0.09899854	0.10949326	0.113522686	0.099354945	-0.2971224	-0.27277339	-0.28072166	-0.30024737	-0.19166853	-0.24702683	-0.24525848	-0.28872743	-0.2879481	-0.28521454	-0.29872352	-0.27926525	-0.2898129	-0.2887717	-0.22802468	-0.11974964	-0.1578486	-0.16273859	-0.0898689	-0.091903634	-0.18087175	-0.13600299	-0.09045007	-0.32087323	-0.29321933	-0.33128375	-0.28219977	-0.2686049	-0.29831856	-0.32240248	-0.31459087	-0.23430133	-0.2893179	-0.2285449	-0.3296923	-0.33550525	-0.26283976	-0.34009665	-0.29411513	-0.09475211	-0.14279947	-0.18638366	-0.2021544	-0.21800856	-0.19438936	-0.06122332	-0.074146554	-0.15999223	-0.093928985	-0.34035316	-0.34313914	-0.31468058	-0.30468893	-0.32583493	-0.3289732	-0.18972865	-0.06189411	-0.19309247	-0.28595993	-0.29411688	-0.25951096	-0.2552198	-0.22720392	-0.25571415	-0.2653598	-0.27809983	-0.24076535	-0.26768747	-0.24102034	-0.25366795	-0.25890005	-0.26920593	-0.24674816	-0.26863965	-0.21642253	-0.21884805	-0.23949714
cl2:250481949	0.09261672	0.09306052	0.09498437	0.09493138	0.081353605	0.27377832	0.21022479	0.21987842	1.4583744	0.25289837	0.26100639	0.2536084	0.2442491	0.27318245	0.17883635	0.1684946	0.15638243	0.21109314	0.1495813	0.1996948	0.20078407	0.18078198	0.16970955	0.19797024	0.1727055	0.20837788	0.19247882	0.18700767	0.19499502	0.1955386	0.18293943	0.1876337	0.18457738	0.18507925	0.1691688	0.19311923	0.1830036	0.17438102	0.1875585	0.19819519	0.096924976	0.08054779	0.08196831	0.08642754	0.086264804	0.084175244	0.09083186	0.08411405	0.087514855	0.20325066	0.19164325	0.20717971	0.19372098	0.16736351	0.19307852	0.19941854	0.19132856	0.17792195	0.1882679	0.16769844	0.17968105	0.20210902	0.20897117	0.1978932	0.18958543	0.1757274	0.19251253	0.19999377	0.19910753	0.18206349	0.17973499	0.17424089	0.18561603	0.17966299	0.17936423	0.0780568	0.1956932	0.19903886	0.19400406	0.20509456	0.20543079	0.2019817	0.19515009	0.1887912	0.09362436	0.080601744	0.089422464	0.09428267	0.09974789	0.09027184	0.106277205	0.09074984	0.08309804	-0.25542533	-0.25617087	-0.27794066	-0.26908728	-0.178496	-0.23055817	-0.22492124	-0.2643782	-0.26602483	-0.2674643	-0.2675971	-0.27116206	-0.2616068	-0.25816953	-0.20467256	-0.09546455	-0.13764387	-0.1523046	-0.05827688	-0.071844295	-0.15078779	-0.115138955	-0.068854704	-0.28731292	-0.27307847	-0.30185905	-0.2630064	-0.25007418	-0.28051496	-0.307733	-0.2964336	-0.21943128	-0.26379177	-0.21275079	-0.29788563	-0.30838326	-0.24259655	-0.30499098	-0.26412144	-0.07449382	-0.1321388	-0.16134048	-0.18527499	-0.1976182	-0.17777885	-0.04310858	-0.05637597	-0.14245918	-0.073621504	-0.31168878	-0.3148099	-0.2934236	-0.2804898	-0.30268574	-0.3114027	-0.15842071	-0.041448917	-0.17279246	-0.26666233	-0.27422452	-0.24787958	-0.23937398	-0.2056612	-0.24343532	-0.24457885	-0.26313886	-0.22066401	-0.23670089	-0.23958749	-0.23820804	-0.23613091	-0.24480982	-0.23614275	-0.24112391	-0.19317816	-0.18153846	-0.22909161
cl4:250481950	0.094862334	0.08453172	0.10108064	0.09352063	0.094406374	0.21735255	0.219849	0.1843308	0.25289837	1.443289	0.24433695	0.25343445	0.22782259	0.22363022	0.1648966	0.16911231	0.13812988	0.18756516	0.14608362	0.19738436	0.17536063	0.1710422	0.15021093	0.19222279	0.17968091	0.18967958	0.1723209	0.16798462	0.18453671	0.18355897	0.17585489	0.18630944	0.16464521	0.17840289	0.16833884	0.16943578	0.17871894	0.15284634	0.17809713	0.182666	0.100334354	0.10684466	0.10624531	0.10254134	0.1054139	0.101875305	0.09426046	0.10869723	0.10480763	0.16589917	0.18074402	0.18081173	0.19319552	0.16542256	0.17219451	0.20926593	0.17661177	0.15656756	0.18208416	0.17134883	0.17858784	0.19465032	0.16609538	0.17676395	0.18246546	0.1721613	0.18109396	0.17529328	0.2050207	0.18451568	0.18442588	0.17738004	0.19836341	0.16715865	0.16762753	0.080912106	0.1815154	0.18623877	0.1713106	0.18016209	0.18028982	0.18220747	0.18132831	0.19796637	0.086990334	0.09546548	0.09954031	0.09082128	0.10505685	0.09539846	0.10511982	0.093584195	0.09066999	-0.2531043	-0.24714094	-0.26070032	-0.26058692	-0.1750202	-0.22475505	-0.21348654	-0.25845733	-0.25927892	-0.25329036	-0.2548921	-0.26474184	-0.24981602	-0.239712	-0.20435283	-0.08957957	-0.12844394	-0.14104705	-0.06259404	-0.0781516	-0.15179256	-0.114401	-0.06833374	-0.27563253	-0.2597935	-0.2940621	-0.25302893	-0.23694526	-0.2707253	-0.2901838	-0.2765682	-0.20272182	-0.2590641	-0.1970105	-0.2804164	-0.30123162	-0.23378298	-0.2916444	-0.25188097	-0.086753175	-0.13141266	-0.15987337	-0.16913915	-0.18765238	-0.15725803	-0.04142669	-0.065337636	-0.12900454	-0.072476774	-0.29867274	-0.2998869	-0.29242244	-0.2642645	-0.28910413	-0.29296663	-0.16180056	-0.044214193	-0.18022145	-0.25317204	-0.25136676	-0.23435968	-0.2302008	-0.19474284	-0.2313527	-0.23860276	-0.25210688	-0.21014014	-0.22850719	-0.2228436	-0.22375536	-0.22243519	-0.23674777	-0.22157723	-0.2374993	-0.19988856	-0.18884224	-0.21137922
cl5:250481951	0.10848042	0.1068085	0.109100915	0.10369021	0.09603808	0.30035222	0.24090295	0.22240841	0.26100639	0.24433695	1.4263564	0.25134712	0.28014618	0.2757309	0.18789043	0.20629501	0.20940422	0.22381285	0.14326124	0.22994696	0.2040423	0.19874862	0.18151139	0.22801296	0.19576062	0.23662476	0.21832454	0.21698917	0.24016581	0.22123595	0.21592146	0.22001195	0.20140812	0.21159607	0.21606642	0.22009407	0.20746501	0.18926723	0.20462029	0.21047132	0.10977575	0.0980948	0.09651177	0.10914527	0.09523765	0.1030627	0.09338187	0.1034173	0.09628381	0.21757753	0.22753778	0.22836106	0.22958243	0.20033601	0.2258275	0.225323	0.23180246	0.21644072	0.22587146	0.20592092	0.20692258	0.23529702	0.21895438	0.21542406	0.22934932	0.20559408	0.20874366	0.22331484	0.21746187	0.19479254	0.21724851	0.20595215	0.19848347	0.20647979	0.18506493	0.07336659	0.23237967	0.23671307	0.21882546	0.2370993	0.2167421	0.21824081	0.21989636	0.21307912	0.11291113	0.10358172	0.11505194	0.10775378	0.118124075	0.10520027	0.112996764	0.11252698	0.10019691	-0.29184663	-0.28957376	-0.29148868	-0.29510236	-0.19997796	-0.25616103	-0.24908629	-0.29045635	-0.2828957	-0.28589717	-0.2913338	-0.29634294	-0.28650713	-0.28817514	-0.23042503	-0.123961225	-0.17059757	-0.17567386	-0.085984126	-0.108080745	-0.17639427	-0.13053487	-0.08790765	-0.3080262	-0.30123714	-0.3315077	-0.27798507	-0.2751951	-0.29961112	-0.32496715	-0.31966424	-0.23141329	-0.29568815	-0.23233292	-0.33140135	-0.33322537	-0.26443505	-0.32807618	-0.2974605	-0.109970674	-0.15059417	-0.19378534	-0.21404926	-0.2258403	-0.18493909	-0.07352973	-0.086602025	-0.16707538	-0.10061968	-0.33271435	-0.33928388	-0.32852268	-0.29914346	-0.32587436	-0.3247975	-0.19994302	-0.07751781	-0.20467742	-0.2798527	-0.29779902	-0.27347714	-0.26565248	-0.22720456	-0.2569142	-0.26451385	-0.28298053	-0.24277522	-0.27548763	-0.24597505	-0.2651082	-0.26149425	-0.27531624	-0.26006848	-0.27026728	-0.23496416	-0.219949	-0.25300586
cl7:250481952	0.07701759	0.09485082	0.082236074	0.08063263	0.073440194	0.29697424	0.19112945	0.20704755	0.2536084	0.25343445	0.25134712	1.4435452	0.22909075	0.23221965	0.1796275	0.18156393	0.18452683	0.2037441	0.14312108	0.19587103	0.16471326	0.15783109	0.16540357	0.18641844	0.19121347	0.20371123	0.18467726	0.1922685	0.19962934	0.20378344	0.18220933	0.20199874	0.18482071	0.1755509	0.16669735	0.17584604	0.18795465	0.1586747	0.18364477	0.19874704	0.06674519	0.07893053	0.07134218	0.08020107	0.082626946	0.07302562	0.08591187	0.090697736	0.08461349	0.19894683	0.18695796	0.2001923	0.19088843	0.19236507	0.20012042	0.20813306	0.19173923	0.18133973	0.20079736	0.17949422	0.19011109	0.1917697	0.1927355	0.19047378	0.19425002	0.16543761	0.18412328	0.18388836	0.2095999	0.17009726	0.17265989	0.18858653	0.17597875	0.17907722	0.15866286	0.06495069	0.19073969	0.1964508	0.16186081	0.20168903	0.19824584	0.17991921	0.18839557	0.17848332	0.08292454	0.07689732	0.0902387	0.08371339	0.10104597	0.07816349	0.089795515	0.08025078	0.08149857	-0.24726631	-0.24729799	-0.2670566	-0.27464977	-0.16919994	-0.22895928	-0.23124298	-0.25696343	-0.25970766	-0.25796902	-0.25889587	-0.25700042	-0.24523574	-0.2564888	-0.20277357	-0.09648142	-0.13502985	-0.1452133	-0.07648578	-0.07186315	-0.14329381	-0.10357764	-0.06540574	-0.28035066	-0.27048892	-0.29826427	-0.2530753	-0.23998196	-0.27435136	-0.29164356	-0.28483295	-0.19822562	-0.26533931	-0.19274503	-0.29323587	-0.30915353	-0.2338041	-0.30283946	-0.2663831	-0.08625642	-0.1275764	-0.16329569	-0.17153457	-0.18703012	-0.16664007	-0.07083305	-0.068369344	-0.13497145	-0.08075447	-0.30898213	-0.30193105	-0.29055116	-0.27879116	-0.2874273	-0.30445176	-0.16312471	-0.043256383	-0.17131606	-0.25514075	-0.25330943	-0.23392817	-0.22374083	-0.20260791	-0.23267402	-0.23320009	-0.25253585	-0.2168346	-0.2357506	-0.22111386	-0.2365022	-0.22018282	-0.23520823	-0.22008534	-0.23649463	-0.18498504	-0.17146087	-0.2129861
cl8:250481953	0.08304119	0.08458926	0.09592381	0.07675209	0.0725101	0.22598867	0.23874597	0.21619552	0.2442491	0.22782259	0.28014618	0.22909075	1.4199648	0.2551845	0.18171714	0.18355896	0.19595814	0.21503055	0.14206426	0.21117614	0.20423537	0.1718089	0.16819216	0.21138935	0.18451989	0.21157931	0.21153861	0.18557812	0.21424483	0.19505	0.20270783	0.20362407	0.18538597	0.19341414	0.19860539	0.19735086	0.19485316	0.1607769	0.18113592	0.1896506	0.08646482	0.097032286	0.102957495	0.09182305	0.086554416	0.09202335	0.095884055	0.09878765	0.10185583	0.21303515	0.20399863	0.21123357	0.19993876	0.17001742	0.20389959	0.20137163	0.1928671	0.20298176	0.19554648	0.16593137	0.1831936	0.20979854	0.19034222	0.20273921	0.19610077	0.17412928	0.1893277	0.21580425	0.21031249	0.17814963	0.20132324	0.19483513	0.18164225	0.20666155	0.18045792	0.077957876	0.20133264	0.20769368	0.17718726	0.21420114	0.19712389	0.18867722	0.19132164	0.1936726	0.08776921	0.087231904	0.09560838	0.08703852	0.09743509	0.086554445	0.09724184	0.09985883	0.084902726	-0.27455944	-0.26041478	-0.27401567	-0.27038008	-0.19587739	-0.22876671	-0.22678795	-0.27338278	-0.26986057	-0.26810947	-0.2800878	-0.277343	-0.2674932	-0.26233625	-0.20716062	-0.10677583	-0.15411122	-0.15666565	-0.0727527	-0.06478041	-0.15844189	-0.12048371	-0.06976966	-0.2807505	-0.27679837	-0.30580637	-0.2614524	-0.24541904	-0.2783919	-0.30238098	-0.29466787	-0.22246262	-0.28651908	-0.21810606	-0.3023478	-0.30156547	-0.24283811	-0.30158558	-0.27130198	-0.09018936	-0.13317248	-0.16347799	-0.17644851	-0.19334358	-0.17303637	-0.057830315	-0.06530797	-0.15911418	-0.07651249	-0.31233376	-0.3072597	-0.29779398	-0.2760452	-0.29447845	-0.30208474	-0.17422396	-0.036167152	-0.18851921	-0.26659796	-0.2702226	-0.25039613	-0.2506827	-0.21242489	-0.24486162	-0.2437996	-0.26202852	-0.21860257	-0.24273263	-0.2368855	-0.24123469	-0.23803796	-0.24606116	-0.23712516	-0.25421745	-0.19969568	-0.19559336	-0.22589359
cl9:250481954	0.10547309	0.097469494	0.11517158	0.096242085	0.09967193	0.29631343	0.24465293	0.22152449	0.27318245	0.22363022	0.2757309	0.23221965	0.2551845	1.4400173	0.194135	0.21128325	0.21570888	0.23746897	0.17358518	0.24041289	0.22720425	0.20258848	0.20848405	0.23434502	0.21158724	0.24634437	0.22428559	0.20972408	0.2411459	0.2363093	0.2176493	0.24816933	0.2007347	0.20998746	0.21195897	0.21400751	0.22499721	0.20102145	0.20915964	0.22049178	0.10127569	0.09899797	0.10066808	0.10472425	0.09234889	0.10249713	0.10193867	0.11949585	0.10782578	0.24404183	0.24990581	0.24280867	0.23192887	0.22241108	0.24087986	0.24777687	0.23742181	0.23006451	0.23445258	0.21357378	0.2194446	0.23960505	0.2233887	0.23176748	0.2320011	0.21784455	0.22069371	0.21474765	0.2251848	0.20799708	0.20143384	0.20573671	0.19612369	0.20754983	0.18211666	0.063603975	0.22839762	0.23172276	0.20408767	0.23080324	0.23885143	0.22277151	0.2170158	0.20697922	0.11987068	0.114202835	0.11665347	0.12004004	0.11222199	0.102078475	0.12539707	0.11786518	0.09954537	-0.2976404	-0.2864027	-0.2982242	-0.31006166	-0.19786686	-0.25852942	-0.25820568	-0.29735202	-0.29512724	-0.29397103	-0.30908552	-0.30066276	-0.29196513	-0.28714418	-0.24109252	-0.11706714	-0.17385757	-0.17377383	-0.090257496	-0.101948075	-0.1729476	-0.1370397	-0.087138586	-0.32600766	-0.30899107	-0.34145716	-0.28697598	-0.2863077	-0.30451897	-0.33791152	-0.32405725	-0.2566223	-0.2982567	-0.23100013	-0.33636603	-0.34201333	-0.2638373	-0.34705555	-0.30454332	-0.10538837	-0.1477049	-0.20205666	-0.21434698	-0.22799309	-0.19318637	-0.07477554	-0.10242951	-0.16456242	-0.10048084	-0.34420845	-0.342547	-0.33215103	-0.30940852	-0.33079144	-0.34428272	-0.20297424	-0.07640689	-0.20396364	-0.29191193	-0.29570124	-0.27773094	-0.2784287	-0.23843625	-0.28186172	-0.26866627	-0.29495758	-0.2457536	-0.27265263	-0.2706919	-0.2659128	-0.26402783	-0.28202584	-0.26407424	-0.28427172	-0.22844745	-0.2188503	-0.2547136
cu10:250481963	0.089127004	0.07754111	0.08445704	0.086480804	0.08338014	0.20606895	0.20414034	0.22385582	0.17883635	0.1648966	0.18789043	0.1796275	0.18171714	0.194135	1.4655367	0.7359702	0.23750752	0.19391903	0.14229386	0.21906316	0.17431416	0.16552494	0.32183918	0.1959862	0.17992355	0.20515183	0.19321723	0.19920036	0.20504737	0.20636052	0.20621674	0.19312318	0.1919229	0.17757379	0.17652571	0.1774707	0.18222624	0.16619267	0.18806091	0.18960099	0.09505053	0.09703933	0.08499343	0.097514145	0.09134057	0.0754535	0.089866966	0.09702354	0.09657465	0.1931674	0.20407414	0.19676155	0.19537315	0.18812163	0.20066585	0.21870029	0.20366342	0.19452614	0.19578685	0.18199715	0.18410334	0.20470202	0.19647947	0.2111238	0.19537745	0.18680385	0.17516477	0.19880936	0.20671752	0.18114062	0.18108416	0.18201046	0.16370717	0.20292859	0.17064977	0.06756704	0.18674377	0.20481633	0.17647572	0.21434656	0.19824071	0.19637859	0.18214317	0.18327112	0.08296623	0.08714312	0.0802644	0.095490925	0.10831493	0.086523786	0.09092494	0.0909295	0.09205594	-0.26742187	-0.26244494	-0.27075768	-0.2729882	-0.17976129	-0.23930328	-0.23163389	-0.2724176	-0.2700751	-0.28093386	-0.26853707	-0.2798805	-0.25853008	-0.26254898	-0.20937966	-0.114506684	-0.15611356	-0.15836987	-0.08801725	-0.08557291	-0.16554739	-0.11894747	-0.06629101	-0.27954024	-0.27169782	-0.29769704	-0.25426587	-0.2544396	-0.2755868	-0.29942036	-0.28355843	-0.22690544	-0.27057818	-0.1964297	-0.2938554	-0.30681354	-0.23605803	-0.28661555	-0.27037403	-0.08480592	-0.1426267	-0.17412378	-0.18061483	-0.21151038	-0.18475202	-0.06597738	-0.063181445	-0.15721546	-0.074750796	-0.30751655	-0.3142036	-0.2993097	-0.27469313	-0.2916388	-0.30159524	-0.17955704	-0.06725603	-0.18460265	-0.26669338	-0.27830267	-0.26464498	-0.2506279	-0.21888039	-0.2497262	-0.23877603	-0.26837927	-0.22444098	-0.25346598	-0.24035993	-0.24263492	-0.24397676	-0.2514818	-0.23901258	-0.2667168	-0.2105546	-0.20756455	-0.23503134
cu11:250481964	0.10187679	0.1021563	0.09539904	0.09961776	0.1006048	0.19586092	0.20996349	0.20980166	0.1684946	0.16911231	0.20629501	0.18156393	0.18355896	0.21128325	0.7359702	1.5262831	0.25131515	0.19796002	0.1458894	0.24603851	0.17329353	0.17560422	0.30818263	0.20671517	0.1938872	0.21455221	0.2057088	0.21461236	0.22281793	0.2140905	0.2136139	0.19866319	0.18297695	0.18782243	0.18485506	0.181916	0.19370928	0.15732086	0.1872565	0.19083795	0.10447361	0.105069645	0.09864293	0.10302882	0.098826855	0.09074946	0.09224023	0.10302392	0.10528698	0.19239153	0.19609255	0.20317285	0.20888658	0.20832935	0.20127833	0.23424043	0.2170011	0.19168985	0.21377164	0.22291565	0.20115283	0.21752384	0.18780427	0.20927343	0.22041771	0.19844978	0.1885549	0.2221578	0.21251722	0.19544797	0.2026165	0.19019693	0.18848486	0.20674571	0.16456309	0.063875765	0.20413522	0.22331059	0.17948228	0.20904876	0.21609356	0.2026274	0.19291604	0.19113982	0.093678534	0.0999933	0.102773614	0.100096986	0.119885	0.10009977	0.10617117	0.09808566	0.10682976	-0.27927932	-0.28157613	-0.2914083	-0.2810013	-0.1881543	-0.25031802	-0.24174945	-0.2869348	-0.28603822	-0.28172377	-0.27779737	-0.28813475	-0.27322662	-0.2748397	-0.21890455	-0.1149981	-0.15040876	-0.16570035	-0.094995834	-0.088983916	-0.15851364	-0.124614365	-0.083156556	-0.29372263	-0.2914516	-0.31779325	-0.2701103	-0.2664861	-0.2990926	-0.32227054	-0.30653185	-0.2359043	-0.28691748	-0.2152556	-0.31646398	-0.31848624	-0.2545082	-0.30789956	-0.2865872	-0.10052207	-0.14670496	-0.17800307	-0.19294055	-0.21951433	-0.19079089	-0.06697917	-0.07344571	-0.1644793	-0.08626429	-0.32923713	-0.32694402	-0.31551364	-0.28468573	-0.3105397	-0.3166633	-0.19792615	-0.06526564	-0.19465107	-0.28005472	-0.28689566	-0.26473498	-0.2589819	-0.22485396	-0.26808998	-0.25331172	-0.27731627	-0.23511198	-0.25853613	-0.24665245	-0.25274086	-0.25613213	-0.26638833	-0.2564868	-0.27679005	-0.20636463	-0.22143945	-0.2308501
cu12:250481965	0.077792354	0.10075768	0.082195565	0.0883741	0.09608208	0.2055594	0.18351522	0.18960077	0.15638243	0.13812988	0.20940422	0.18452683	0.19595814	0.21570888	0.23750752	0.25131515	1.5153352	0.21133766	0.13764682	0.20195016	0.18513043	0.17262141	0.25674218	0.20103656	0.17157836	0.21229424	0.20159428	0.19020456	0.21113075	0.19457747	0.19749501	0.2094041	0.19389959	0.20881888	0.21080881	0.19681908	0.19809829	0.14938942	0.19099839	0.1927902	0.0744169	0.09011573	0.08297876	0.07473903	0.078341626	0.08113202	0.07893017	0.09308601	0.090790465	0.21891512	0.2055	0.18752974	0.20206302	0.18963283	0.21090035	0.20485523	0.20729984	0.19590221	0.20200813	0.19272128	0.1984426	0.20006897	0.18274088	0.19024718	0.2074077	0.18092473	0.16835883	0.2173069	0.21667702	0.17856026	0.19883344	0.19860163	0.18657473	0.1878581	0.17519888	0.07454903	0.18707885	0.19690956	0.17764786	0.20535374	0.20633171	0.20503509	0.18803276	0.18848173	0.09093285	0.08555255	0.111265376	0.08939454	0.11707931	0.09462138	0.107794955	0.08919083	0.09826274	-0.25358856	-0.26968664	-0.27225876	-0.27049345	-0.1811603	-0.23537925	-0.24507412	-0.27575403	-0.26632842	-0.27429572	-0.26416248	-0.26703492	-0.26048282	-0.26598343	-0.21003598	-0.100260325	-0.14568998	-0.15732321	-0.081420206	-0.06802623	-0.15039417	-0.11523525	-0.064851955	-0.2800849	-0.27202976	-0.30670238	-0.25424093	-0.25070798	-0.2793372	-0.30350092	-0.2921458	-0.20489708	-0.26640835	-0.21482512	-0.29490638	-0.31321412	-0.2371843	-0.30328113	-0.27142823	-0.08421481	-0.13402265	-0.17374657	-0.18208183	-0.19603297	-0.1796437	-0.061712917	-0.05041407	-0.15031949	-0.07866983	-0.31137648	-0.3125937	-0.30413538	-0.28346097	-0.28821293	-0.3045591	-0.17893764	-0.05580016	-0.18457669	-0.25666288	-0.26679146	-0.2513063	-0.232406	-0.20181593	-0.23857096	-0.24047364	-0.2525379	-0.2260859	-0.24309649	-0.22071771	-0.23315082	-0.23384678	-0.25083154	-0.22304967	-0.24883232	-0.18762924	-0.19812673	-0.22742766
cu1:250481957	0.12093942	0.12553528	0.12244092	0.1197191	0.11665127	0.24273385	0.18864618	0.19666757	0.21109314	0.18756516	0.22381285	0.2037441	0.21503055	0.23746897	0.19391903	0.19796002	0.21133766	1.4725944	0.25463802	0.27339724	0.50462586	0.40367284	0.19224058	0.21950668	0.20286198	0.23357671	0.22611247	0.20934552	0.23064922	0.2234389	0.22734718	0.22647364	0.20949104	0.22004794	0.19915834	0.21895055	0.20007356	0.18293673	0.1896492	0.21270618	0.114131115	0.11132905	0.113531195	0.11332836	0.100832194	0.11429246	0.11020636	0.101486355	0.106344976	0.23233533	0.23408449	0.21919774	0.21473917	0.19018607	0.22481626	0.24133481	0.2329863	0.20462053	0.20828152	0.20294985	0.19888982	0.240591	0.21714209	0.23268597	0.22062632	0.2128297	0.20776315	0.2117815	0.22818449	0.18829772	0.20442529	0.19134796	0.20651749	0.21966232	0.19134665	0.06541818	0.22546907	0.2192636	0.21735692	0.22938372	0.21174471	0.22468008	0.22105765	0.22641002	0.120961584	0.111490116	0.12786326	0.1200913	0.12824588	0.10988412	0.11732813	0.12684491	0.111810476	-0.30108756	-0.29769507	-0.31499	-0.31455135	-0.21372575	-0.2677084	-0.25946903	-0.3163444	-0.28955838	-0.29777583	-0.29464012	-0.29260373	-0.29322842	-0.3013899	-0.24143833	-0.12259465	-0.16800441	-0.16830733	-0.092138186	-0.094211824	-0.17418158	-0.13523294	-0.08834815	-0.3172919	-0.30694684	-0.3302913	-0.2813814	-0.2771659	-0.3089	-0.33657125	-0.31548068	-0.24399203	-0.3033259	-0.23221359	-0.33460498	-0.3482469	-0.26566046	-0.3278293	-0.30206376	-0.11002761	-0.15519603	-0.19742224	-0.20429745	-0.22831939	-0.1947855	-0.058654606	-0.096994095	-0.17096666	-0.10806655	-0.34145924	-0.34710014	-0.33614457	-0.30898616	-0.3375497	-0.34232962	-0.21332145	-0.072173245	-0.21561414	-0.29038057	-0.30725357	-0.28600508	-0.26671335	-0.23698929	-0.2760072	-0.27642402	-0.29262602	-0.2456637	-0.27346116	-0.2685147	-0.27446765	-0.26918268	-0.28840983	-0.2731106	-0.27748883	-0.23048756	-0.23063362	-0.25274837
cu2:250481958	0.09577693	0.10203151	0.10263039	0.09357423	0.09818347	0.14682749	0.17154522	0.15907097	0.1495813	0.14608362	0.14326124	0.14312108	0.14206426	0.17358518	0.14229386	0.1458894	0.13764682	0.25463802	1.7279941	0.180071	0.21868531	0.1588464	0.14895634	0.16528384	0.14694254	0.14740245	0.15449685	0.14894249	0.16094136	0.15786852	0.14904146	0.13726774	0.14504758	0.16597056	0.14391857	0.15517807	0.1390996	0.121436425	0.13494533	0.18469293	0.08528771	0.089717984	0.078232706	0.08162015	0.086115	0.08734896	0.08989808	0.08427384	0.08207292	0.1610017	0.16032535	0.16643302	0.14892514	0.15832968	0.15025248	0.15711452	0.14548153	0.1536698	0.17356145	0.1687679	0.14412078	0.15105109	0.16257107	0.16084793	0.15854949	0.15724248	0.15208706	0.12780805	0.17003787	0.13973422	0.14439608	0.12678233	0.16255409	0.16256024	0.1416269	0.061842382	0.1583483	0.17962673	0.18937422	0.17586789	0.17039374	0.17140503	0.15756167	0.17272952	0.100017115	0.08839282	0.10523838	0.10317979	0.103568584	0.09815682	0.10849241	0.09938876	0.1046894	-0.23382543	-0.23121412	-0.23264034	-0.24197815	-0.16048554	-0.19910386	-0.19633487	-0.25396788	-0.23383915	-0.21547043	-0.23087214	-0.2344001	-0.22788057	-0.22857942	-0.1843686	-0.082862996	-0.10796617	-0.119498976	-0.038490172	-0.03902048	-0.11858791	-0.08207141	-0.045821488	-0.25088474	-0.2418221	-0.27092904	-0.21656156	-0.21962787	-0.24653833	-0.2605739	-0.2636881	-0.1840713	-0.24061486	-0.1744324	-0.26597306	-0.27556637	-0.20632264	-0.26508123	-0.22333594	-0.05462567	-0.12399583	-0.13059956	-0.15406996	-0.173088	-0.12641986	-0.046784364	-0.032456677	-0.11455612	-0.06826322	-0.27758572	-0.27538893	-0.25693932	-0.2529371	-0.26241925	-0.27167514	-0.14501362	-0.028388746	-0.15225177	-0.22793177	-0.24373539	-0.21447647	-0.21886942	-0.18684627	-0.21892698	-0.22167067	-0.23800536	-0.20049407	-0.22107065	-0.20171022	-0.19873431	-0.20061737	-0.22102131	-0.1945137	-0.21688886	-0.1673444	-0.17851824	-0.19536972
cu4:250481959	0.118334785	0.13489437	0.118767224	0.11541562	0.118353695	0.22725922	0.20717792	0.23202957	0.1996948	0.19738436	0.22994696	0.19587103	0.21117614	0.24041289	0.21906316	0.24603851	0.20195016	0.27339724	0.180071	1.4053172	0.26592994	0.20755248	0.20664522	0.23328118	0.22549674	0.23786339	0.22907479	0.2349951	0.2528026	0.25417045	0.23719175	0.22097002	0.21310502	0.21891968	0.2094906	0.21010737	0.22821273	0.19453841	0.21374242	0.2286809	0.11472518	0.10951595	0.10802355	0.095787115	0.11025095	0.10124012	0.10091973	0.12257137	0.1268083	0.23645319	0.24303655	0.23670477	0.2398064	0.2314459	0.23838942	0.26116604	0.24432063	0.21590659	0.2330919	0.24771485	0.23405768	0.24973004	0.22797139	0.23510934	0.25103363	0.2391261	0.21843393	0.25778314	0.25624478	0.232303	0.23367643	0.21909042	0.21839944	0.21972206	0.20545472	0.08301453	0.23717244	0.2449436	0.23665169	0.25571766	0.26136386	0.24991836	0.2394932	0.23084305	0.12073109	0.11408832	0.13196197	0.102541246	0.13154647	0.11471362	0.12453626	0.12492857	0.12405302	-0.30740687	-0.2938658	-0.31050268	-0.30834562	-0.21648104	-0.26588756	-0.2722483	-0.3202634	-0.29987922	-0.30192834	-0.31311703	-0.30686352	-0.3089314	-0.3095251	-0.24397972	-0.130364	-0.17837143	-0.17941572	-0.10505464	-0.1079023	-0.17947796	-0.14446074	-0.10286559	-0.32986012	-0.32630032	-0.33056965	-0.29977867	-0.29216048	-0.31545517	-0.342682	-0.3268896	-0.24885781	-0.31038582	-0.24205004	-0.34093314	-0.3481424	-0.272417	-0.3351328	-0.31331027	-0.11143017	-0.15422022	-0.19956163	-0.21612683	-0.24671715	-0.20211309	-0.07361761	-0.09116993	-0.17336273	-0.106645346	-0.3431793	-0.35506728	-0.34950495	-0.3185457	-0.34047616	-0.33878928	-0.21500744	-0.066732235	-0.20846619	-0.30711204	-0.31799707	-0.2965746	-0.2819623	-0.23954205	-0.29017964	-0.28295094	-0.29412416	-0.26095587	-0.28341603	-0.26994592	-0.28032008	-0.28129858	-0.2779515	-0.2694833	-0.28472075	-0.24295188	-0.22980708	-0.25546816
