##Centered_IBS.SumPk=53658.63292099761
##Matrix_Type=Centered_IBS
170
RIMMA0388.1:250049195	1.8608545	0.46073598	0.4835678	0.48617575	0.30873796	0.39718378	0.37653303	0.47301623	0.44599527	0.4457806	0.46698323	0.46646792	0.4367534	0.45921898	0.30367953	0.103839375	0.16912526	0.19928747	0.07114487	0.07848968	0.18954736	0.13156106	0.07827359	0.39076063	0.43821704	0.386713	0.35264266	0.3892056	0.38234845	0.39620396	0.38982937	0.31381115	0.45503724	0.27041185	0.3977487	0.39659053	0.3223418	0.39729443	0.40267467	0.09634247	0.19953227	0.23155478	0.24053818	0.2957947	0.22691283	0.049989365	0.05994847	0.20649184	0.09313079	0.408934	0.4118277	0.4167608	0.38164318	0.41259968	0.40066853	0.25314844	0.03949041	0.25344637	0.4286349	0.46570042	0.3947332	0.37566707	0.31132892	0.38649464	0.3717972	0.39911506	0.32597405	0.38204983	0.35242635	0.3633277	0.35543826	0.3897588	0.35514584	0.38957718	0.30621293	0.2844815	0.3335172	-0.27462023	-0.27025053	-0.2654209	-0.25783372	-0.26853877	-0.2938662	-0.27700517	-0.29704309	-0.25520477	-0.2527985	-0.29187655	-0.2473599	-0.2745053	-0.29734942	-0.26751474	-0.279155	-0.25332683	-0.30104503	-0.23382804	-0.30741385	-0.2876889	-0.26627997	-0.26135066	-0.3189207	-0.3012046	-0.32700443	-0.2987525	-0.3100563	-0.31702363	-0.3102226	-0.3148723	-0.30353674	-0.2898748	-0.30227426	-0.28438473	-0.29601356	-0.2980355	-0.27169174	-0.29009804	-0.305445	-0.22788145	-0.24392463	-0.24710649	-0.23628552	-0.23215473	-0.23485032	-0.24352011	-0.24047986	-0.2401713	-0.31488144	-0.3202529	-0.3124469	-0.311356	-0.2977761	-0.30900252	-0.33467585	-0.3190646	-0.29994512	-0.31211466	-0.30570832	-0.3037787	-0.3206437	-0.31059012	-0.31318	-0.32094455	-0.295077	-0.29807448	-0.30457082	-0.31417984	-0.291874	-0.29629344	-0.28419116	-0.28831354	-0.2851963	-0.27427474	-0.1261344	-0.3142316	-0.33469218	-0.30249077	-0.3309398	-0.320815	-0.32674742	-0.31586054	-0.30982858	-0.2592894	-0.26647598	-0.28448653	-0.2596079	-0.2853449	-0.26057154	-0.28399184	-0.266642	-0.2713034
RIMMA0389.1:250049112	0.46073598	1.820882	0.46119618	0.4578592	0.3160168	0.41322157	0.39782646	0.4685543	0.47848886	0.5110181	0.5074533	0.42600057	0.43037182	0.47171617	0.3245443	0.106347136	0.1768512	0.19098637	0.06491223	0.0831034	0.17630744	0.12558928	0.07474319	0.34375182	0.41463384	0.35636508	0.30626708	0.38735262	0.35781515	0.35187867	0.35172874	0.30729896	0.42882633	0.24859905	0.35620004	0.3572414	0.28895614	0.3512735	0.34860244	0.0971171	0.22015455	0.23279539	0.2558119	0.30970788	0.23046426	0.051621284	0.069799006	0.2125406	0.095452264	0.3634348	0.36767024	0.37899566	0.35478023	0.37487176	0.3563992	0.2405795	0.03808456	0.25418368	0.5011779	0.45119318	0.41151652	0.39075428	0.33394533	0.37696332	0.39154366	0.39552867	0.3466149	0.3825637	0.35295892	0.38232857	0.37117785	0.40097	0.35746753	0.38828343	0.29910433	0.29049298	0.33818668	-0.2639686	-0.26887953	-0.2685786	-0.25765544	-0.26347777	-0.2901098	-0.26955864	-0.2726565	-0.25592098	-0.24695496	-0.2893687	-0.24714424	-0.26036847	-0.2861011	-0.26234215	-0.28130633	-0.269213	-0.29741904	-0.23120841	-0.2937242	-0.2698434	-0.25819987	-0.2543329	-0.32369974	-0.29254666	-0.3174894	-0.30157474	-0.29582605	-0.3142177	-0.31127426	-0.3036986	-0.3120431	-0.28869027	-0.29510725	-0.2932264	-0.289648	-0.2895826	-0.2686062	-0.28267032	-0.3032914	-0.23366685	-0.25064176	-0.25736472	-0.23879091	-0.24696007	-0.24898465	-0.2407141	-0.2524339	-0.2534298	-0.30974576	-0.31332833	-0.30008054	-0.30892274	-0.28615507	-0.29069105	-0.32806787	-0.31674343	-0.29369128	-0.30567473	-0.29136652	-0.29016373	-0.31166893	-0.28983733	-0.30623668	-0.3164425	-0.29105958	-0.2969458	-0.29960304	-0.310796	-0.29098767	-0.29982373	-0.28952914	-0.28904852	-0.27942747	-0.26287746	-0.11999245	-0.30997223	-0.3201266	-0.3037475	-0.3176044	-0.30956665	-0.30819383	-0.29879773	-0.30892357	-0.25320357	-0.24859323	-0.26688334	-0.24783796	-0.27806625	-0.25793344	-0.26711556	-0.25774205	-0.26102424
RIMMA0390.1:250049120	0.4835678	0.46119618	1.8430272	0.48684075	0.31873998	0.42215085	0.39207017	0.4995113	0.4602836	0.46828735	0.47469294	0.43785548	0.45040843	0.4777193	0.3310134	0.131434	0.19273163	0.2013318	0.09249631	0.10356834	0.20092827	0.14221513	0.09181637	0.3788464	0.45448083	0.39021105	0.3404672	0.40300933	0.38849264	0.38978747	0.38223878	0.34187165	0.4825762	0.26326835	0.39395967	0.39185107	0.31020382	0.38912585	0.38727537	0.10891617	0.22962411	0.24789308	0.2803956	0.3259611	0.24882321	0.056990806	0.07503811	0.22040747	0.09916313	0.40795925	0.41115105	0.3990879	0.38018388	0.39805746	0.38992822	0.26178995	0.0516541	0.26232994	0.46059015	0.4647071	0.40982294	0.4052557	0.33911	0.39414856	0.40378997	0.40969488	0.36538413	0.41201147	0.3722682	0.3924506	0.38560492	0.4170928	0.36893097	0.40349296	0.2997776	0.3007638	0.35818568	-0.27885672	-0.2909613	-0.28943026	-0.28106025	-0.2823727	-0.31112924	-0.28017914	-0.28105915	-0.27796552	-0.26053858	-0.2916215	-0.2673809	-0.27439928	-0.2981379	-0.2709312	-0.29172173	-0.27230442	-0.31433862	-0.23290202	-0.31047606	-0.2789914	-0.27262217	-0.26890415	-0.3279836	-0.31423706	-0.33718556	-0.3155122	-0.3157833	-0.3373059	-0.3283989	-0.3174499	-0.31211543	-0.29860246	-0.3038269	-0.30531925	-0.29395062	-0.30754596	-0.29031527	-0.3043607	-0.32214895	-0.24497674	-0.2535654	-0.2582382	-0.2448826	-0.24746096	-0.24786422	-0.23974274	-0.25761253	-0.25158244	-0.3173098	-0.32527196	-0.3230195	-0.31421334	-0.31541184	-0.31685424	-0.3366571	-0.33219048	-0.2983854	-0.31642556	-0.31732455	-0.30344918	-0.33000496	-0.3155346	-0.33704036	-0.33423787	-0.30697256	-0.3005962	-0.31400666	-0.32389513	-0.29761982	-0.30886012	-0.299162	-0.2987928	-0.29232135	-0.2681493	-0.12381061	-0.3232946	-0.33505198	-0.31910163	-0.3410466	-0.33032528	-0.3204728	-0.32319036	-0.31842566	-0.2786769	-0.27061903	-0.29114556	-0.2678883	-0.30126622	-0.27707073	-0.2929804	-0.28410995	-0.27155152
RIMMA0392.1:250049128	0.48617575	0.4578592	0.48684075	1.8245366	0.31042683	0.41037133	0.3960943	0.5104683	0.45646212	0.45919186	0.4909613	0.4732075	0.4483009	0.52028334	0.30680376	0.10564006	0.16937912	0.18152004	0.08101511	0.08392448	0.18892533	0.13934396	0.066041164	0.4275233	0.44415495	0.4244074	0.36310917	0.3870184	0.41035196	0.43367487	0.41882074	0.30474684	0.47607058	0.28017014	0.44450033	0.44365907	0.34769884	0.4317273	0.41770706	0.08899278	0.20507893	0.23870428	0.26108706	0.2892835	0.22558275	0.04537916	0.06445148	0.21442397	0.087458335	0.47111648	0.4553739	0.45499563	0.42779857	0.4546549	0.44255614	0.23605196	0.023698434	0.26091245	0.45490506	0.49219427	0.39314234	0.37627488	0.34020835	0.38044932	0.37553614	0.41949612	0.352878	0.387876	0.35351884	0.37280676	0.36221465	0.3909263	0.34897026	0.39083755	0.29323497	0.27690822	0.33276466	-0.27731088	-0.2847939	-0.28784752	-0.27862024	-0.27512443	-0.3141497	-0.28737384	-0.30016255	-0.2691703	-0.26042798	-0.29467893	-0.27448258	-0.27050555	-0.30976823	-0.2728145	-0.28110015	-0.2703487	-0.3141163	-0.24197908	-0.30840877	-0.28396863	-0.27228782	-0.27205503	-0.3232325	-0.30588934	-0.3285582	-0.31269956	-0.31101364	-0.332965	-0.32767335	-0.31338835	-0.31843427	-0.2952678	-0.307574	-0.29872304	-0.29807058	-0.29837802	-0.29098743	-0.30449247	-0.3132979	-0.24894749	-0.25412545	-0.25542536	-0.25559983	-0.25236347	-0.25586054	-0.252249	-0.25914186	-0.2488256	-0.32776612	-0.32620475	-0.32764265	-0.32776308	-0.31049302	-0.31745172	-0.3464983	-0.33291867	-0.3081894	-0.32065725	-0.31277838	-0.3094141	-0.33488882	-0.31497663	-0.3328483	-0.3251822	-0.31698143	-0.3161588	-0.31229338	-0.3197777	-0.30116206	-0.2992451	-0.29204395	-0.3019624	-0.30201352	-0.28121454	-0.13158317	-0.32012776	-0.33861294	-0.32571858	-0.3413273	-0.33927196	-0.33249453	-0.32212937	-0.32435355	-0.2740377	-0.26314712	-0.28231308	-0.27077815	-0.29388744	-0.2702137	-0.2913789	-0.2747744	-0.2725032
RIMMA0393.1:250049140	0.30873796	0.3160168	0.31873998	0.31042683	1.7907284	0.28114572	0.28438687	0.31141242	0.325	0.3338237	0.3216862	0.28430825	0.29194117	0.29435378	0.24308485	0.0923698	0.1338758	0.13248666	0.043983523	0.06182057	0.14287367	0.10330009	0.057653606	0.2515392	0.2921373	0.23504244	0.2009905	0.27422997	0.23980959	0.24770167	0.25418612	0.21100505	0.2953902	0.17127685	0.22990166	0.243485	0.20654614	0.23964155	0.25653893	0.07111934	0.17415991	0.15921909	0.1756382	0.22368257	0.17900923	0.04299252	0.049038008	0.1537988	0.081046216	0.26400968	0.25391388	0.25001356	0.23174322	0.2621218	0.23792799	0.16970545	0.046713095	0.17773724	0.3278784	0.29721987	0.27957135	0.26536894	0.24613072	0.26410165	0.26012015	0.26677024	0.24678008	0.27695134	0.24816656	0.26797616	0.2712871	0.27359062	0.23823202	0.27111655	0.20342533	0.20321888	0.22491504	-0.19059724	-0.19206081	-0.19105169	-0.19639789	-0.18729277	-0.2160119	-0.19697022	-0.19294898	-0.18398482	-0.18249199	-0.20051084	-0.17092174	-0.20199963	-0.20538735	-0.18235512	-0.19159114	-0.18495828	-0.21700348	-0.16398738	-0.22132233	-0.20031144	-0.18512693	-0.1735632	-0.22658576	-0.20463926	-0.23058844	-0.2125491	-0.20799306	-0.22964627	-0.22291961	-0.21989112	-0.21371792	-0.20529275	-0.21508309	-0.20571029	-0.201256	-0.20890616	-0.19350207	-0.20348468	-0.21605483	-0.16426519	-0.16828795	-0.16846949	-0.18077616	-0.16851984	-0.17205413	-0.17599036	-0.1797336	-0.17327502	-0.22079472	-0.22096673	-0.2198885	-0.2215557	-0.20223585	-0.2182889	-0.23007827	-0.22838861	-0.20729348	-0.22153182	-0.21588947	-0.20318809	-0.2297625	-0.20893721	-0.21072558	-0.22944848	-0.2106067	-0.20445377	-0.21175157	-0.22029819	-0.2135165	-0.216706	-0.20175223	-0.2090987	-0.20730479	-0.1958986	-0.08337223	-0.22445007	-0.22910689	-0.2247668	-0.24328277	-0.2216034	-0.23180364	-0.22559442	-0.22888061	-0.18767829	-0.1843166	-0.18853629	-0.17839915	-0.19699837	-0.182121	-0.19309202	-0.18955171	-0.17803687
RIMMA0394.2:250049160	0.39718378	0.41322157	0.42215085	0.41037133	0.28114572	1.7899405	0.37743574	0.43273255	0.41866404	0.400055	0.41428792	0.38115904	0.38538134	0.43833578	0.2940156	0.10032516	0.15709424	0.16662619	0.06578572	0.0897169	0.18307	0.13229597	0.08446899	0.34585512	0.38296846	0.34357807	0.2813666	0.34847492	0.34454343	0.35506317	0.3453341	0.2677502	0.40670234	0.2296622	0.33098274	0.34752938	0.2913951	0.34543762	0.3529982	0.09161703	0.20432991	0.20709361	0.2233635	0.2671773	0.21821763	0.051041108	0.056527525	0.19520646	0.08810707	0.3541143	0.35417512	0.35340548	0.34040934	0.35902822	0.3483646	0.23817307	0.034410812	0.23002875	0.40886983	0.40018323	0.34069613	0.33918512	0.2979375	0.3312833	0.3391918	0.36008018	0.31237754	0.34154257	0.30299228	0.3201926	0.3374065	0.34362364	0.32455313	0.3496478	0.25450504	0.25817516	0.29718438	-0.25223002	-0.25186703	-0.25410065	-0.24107143	-0.24525392	-0.2637978	-0.2448492	-0.25176755	-0.23257208	-0.22718407	-0.25936657	-0.22709394	-0.2312237	-0.2607022	-0.24121086	-0.25149047	-0.23650873	-0.270548	-0.2011691	-0.26838133	-0.24256203	-0.22707963	-0.2349349	-0.28928044	-0.26455727	-0.28394648	-0.273604	-0.27614853	-0.28615388	-0.28067592	-0.28469172	-0.26467186	-0.25296685	-0.27233618	-0.26868466	-0.26508766	-0.26578644	-0.24561147	-0.2560601	-0.26820153	-0.22010188	-0.22837365	-0.2352457	-0.22679137	-0.22845651	-0.22690293	-0.22951607	-0.24168299	-0.23878413	-0.28069407	-0.27574128	-0.27499846	-0.28439966	-0.26694334	-0.2774429	-0.2963699	-0.2837408	-0.27679065	-0.26941067	-0.27713063	-0.26623705	-0.27875963	-0.26758808	-0.28309277	-0.2811291	-0.27153102	-0.25527734	-0.27379408	-0.28043988	-0.27108642	-0.2739777	-0.25712293	-0.2630533	-0.2594143	-0.23870851	-0.098879956	-0.28714484	-0.29959187	-0.28347346	-0.29947358	-0.29262874	-0.29013765	-0.2839842	-0.28246218	-0.24580708	-0.23573646	-0.25876015	-0.23785122	-0.2689369	-0.24293356	-0.25537694	-0.24531384	-0.24486887
RIMMA0395.2:250049141	0.37653303	0.39782646	0.39207017	0.3960943	0.28438687	0.37743574	1.8032444	0.39622262	0.40977305	0.41507432	0.41715637	0.36723623	0.36733976	0.40072602	0.30799127	0.12425267	0.15931052	0.17065004	0.06488959	0.093312114	0.18029161	0.13945076	0.070322484	0.3424991	0.37469247	0.32870486	0.30348638	0.33965844	0.33308068	0.34164357	0.34333846	0.28075692	0.39207166	0.21946661	0.3309256	0.34596235	0.29156134	0.33887643	0.34138653	0.087962754	0.19996744	0.19263025	0.22414482	0.26005676	0.2254844	0.049287755	0.05274284	0.20467213	0.09280194	0.35375857	0.34705463	0.35500687	0.32859233	0.3465592	0.34819537	0.22382142	0.038453363	0.22318749	0.39930785	0.37955147	0.3337432	0.3354748	0.298961	0.33107662	0.33652517	0.35329503	0.31548843	0.33863384	0.31085527	0.33357212	0.34375978	0.3338754	0.30319434	0.3377189	0.24855861	0.24714087	0.3041716	-0.2509642	-0.24184215	-0.2464239	-0.2340471	-0.24309365	-0.27496246	-0.24488789	-0.24707256	-0.22634915	-0.2152398	-0.25344175	-0.2325746	-0.22885835	-0.26159808	-0.23325475	-0.24368359	-0.24577256	-0.26095173	-0.19848686	-0.27496147	-0.240961	-0.23923191	-0.22997914	-0.27509993	-0.2644284	-0.2910857	-0.27094063	-0.2741	-0.27454513	-0.28252232	-0.2792888	-0.27496067	-0.2503406	-0.27125674	-0.26536888	-0.2644182	-0.26955253	-0.24852027	-0.2522785	-0.2703277	-0.21428896	-0.21477075	-0.22971222	-0.2273707	-0.21763045	-0.22384825	-0.2155404	-0.2305401	-0.22428648	-0.2775275	-0.2802714	-0.2702105	-0.28082293	-0.25984463	-0.26536822	-0.30537298	-0.28456238	-0.25895712	-0.26652375	-0.2672362	-0.25578356	-0.2879117	-0.26278132	-0.28997108	-0.2838704	-0.26102182	-0.2691256	-0.27306876	-0.27572647	-0.2554893	-0.26663643	-0.24221545	-0.24531294	-0.25770134	-0.24128184	-0.10102464	-0.291116	-0.29448697	-0.28349376	-0.3000157	-0.28109425	-0.2876791	-0.27682948	-0.28447667	-0.22722839	-0.23361357	-0.23926817	-0.2343492	-0.2526876	-0.24297228	-0.25934792	-0.24093594	-0.23810545
RIMMA0396.1:250049172	0.47301623	0.4685543	0.4995113	0.5104683	0.31141242	0.43273255	0.39622262	1.8358629	0.48527136	0.4695701	0.50152576	0.46550837	0.4715942	0.53204066	0.32161734	0.123044275	0.17960827	0.18887919	0.06655114	0.08146233	0.19251992	0.12888676	0.07925216	0.40247387	0.4550365	0.4152174	0.34355745	0.4094542	0.40181425	0.4137876	0.40213892	0.30685052	0.48333636	0.27539712	0.4031437	0.42790905	0.33586282	0.40477684	0.41686618	0.09704151	0.21292253	0.23661485	0.2491949	0.30113417	0.23868181	0.059671022	0.06049838	0.21594991	0.08868615	0.41842937	0.42272064	0.4403268	0.40151915	0.43098438	0.41782334	0.2404107	0.038456198	0.2721666	0.46431437	0.49476406	0.3939974	0.38902006	0.34572247	0.39427552	0.39077863	0.4277685	0.36353564	0.38655084	0.35128042	0.36054176	0.36677864	0.38434526	0.35729846	0.39868134	0.30109742	0.2910136	0.3469075	-0.28719035	-0.28369647	-0.28639597	-0.27416825	-0.27654296	-0.31033134	-0.29606053	-0.28855428	-0.26408488	-0.25862232	-0.2908048	-0.2563144	-0.27315405	-0.29724687	-0.27279806	-0.28717777	-0.27555048	-0.3167647	-0.25413203	-0.32030085	-0.29045615	-0.27320316	-0.27101356	-0.3213154	-0.3095255	-0.32802004	-0.31562757	-0.3176502	-0.3359675	-0.326874	-0.32716286	-0.3146347	-0.28569096	-0.30856386	-0.3085466	-0.29945183	-0.32299876	-0.26659462	-0.30110276	-0.3145673	-0.24263199	-0.26163822	-0.2608694	-0.25140882	-0.24770656	-0.24622755	-0.2614947	-0.26248005	-0.24733675	-0.3194936	-0.31748524	-0.3248865	-0.3299641	-0.30764365	-0.31622404	-0.34666806	-0.33379665	-0.3030666	-0.31053996	-0.31522217	-0.30091795	-0.3283495	-0.31714076	-0.3248182	-0.33103603	-0.316201	-0.30108428	-0.31350675	-0.32976896	-0.3047051	-0.30729812	-0.30324662	-0.30904633	-0.3142038	-0.28345314	-0.13275953	-0.3303799	-0.3425844	-0.31487447	-0.33409858	-0.3340931	-0.33581385	-0.3241814	-0.32344216	-0.26365957	-0.2727282	-0.28738433	-0.26973662	-0.2997787	-0.2655381	-0.29313296	-0.27045295	-0.26957926
RIMMA0397.1:250049184	0.44599527	0.47848886	0.4602836	0.45646212	0.325	0.41866404	0.40977305	0.48527136	1.8711265	0.47124845	0.5006328	0.4092659	0.44013786	0.47607747	0.32357582	0.12159233	0.17360914	0.19490054	0.07961695	0.10229942	0.19240984	0.13884033	0.081602044	0.38018644	0.43267465	0.37893432	0.33597416	0.40736878	0.38131604	0.39533943	0.3860202	0.32437053	0.43814528	0.26937932	0.38383847	0.3896691	0.3207689	0.38621697	0.38306162	0.09609278	0.22386386	0.22741032	0.2578996	0.31597036	0.24522483	0.05262824	0.06888643	0.21986537	0.10946736	0.3987139	0.4009926	0.39804265	0.36829218	0.41065395	0.396766	0.23979744	0.04757111	0.25178018	0.48658633	0.45430604	0.41213238	0.3942958	0.33210105	0.38024378	0.38136885	0.40549982	0.34370843	0.38412985	0.369639	0.37122193	0.3749617	0.39552885	0.35696486	0.380028	0.2795555	0.28111964	0.3322053	-0.2827532	-0.2830798	-0.28289065	-0.27601153	-0.27680227	-0.3097146	-0.28886506	-0.28905576	-0.26557383	-0.25985053	-0.28193212	-0.25912675	-0.26935053	-0.29491556	-0.27085814	-0.2864306	-0.2664541	-0.28972173	-0.23361197	-0.30006003	-0.26840764	-0.26095724	-0.26385537	-0.31710163	-0.29953474	-0.3112455	-0.30554357	-0.31876695	-0.32428065	-0.3103418	-0.32861474	-0.30922815	-0.2894164	-0.29186386	-0.29546216	-0.29807073	-0.2977262	-0.273041	-0.29060867	-0.30066282	-0.24156791	-0.25967956	-0.26036444	-0.24879794	-0.23736173	-0.2529163	-0.24677029	-0.2633354	-0.25590786	-0.3181315	-0.31573164	-0.3134048	-0.31715932	-0.30697107	-0.30751896	-0.3313846	-0.33424214	-0.30162978	-0.30947584	-0.3102258	-0.29987252	-0.32109818	-0.30746666	-0.31603882	-0.3177838	-0.2948047	-0.3000761	-0.30036637	-0.31014326	-0.3019824	-0.30623415	-0.2854659	-0.2956078	-0.2900493	-0.2619262	-0.1253032	-0.32083642	-0.33125195	-0.31444404	-0.33655676	-0.32527655	-0.3194682	-0.31570017	-0.31684315	-0.26540965	-0.26098567	-0.27372217	-0.26406944	-0.28706694	-0.25446644	-0.28176296	-0.27065614	-0.2685526
RIMMA0398.1:250049148	0.4457806	0.5110181	0.46828735	0.45919186	0.3338237	0.400055	0.41507432	0.4695701	0.47124845	1.9121628	0.4840556	0.4216303	0.45296848	0.4839507	0.34617192	0.12501156	0.18606691	0.18581477	0.07034484	0.09517055	0.19642541	0.13152511	0.07232991	0.34927762	0.4348081	0.3446894	0.30933288	0.41844738	0.3552714	0.34898108	0.35496208	0.31778225	0.44864637	0.26269758	0.33951133	0.362469	0.29274872	0.34043598	0.35759464	0.09669796	0.22161761	0.23342003	0.28329116	0.31532678	0.24920315	0.043002076	0.0637889	0.22119728	0.11087394	0.3647299	0.35362783	0.36610866	0.3420612	0.37519786	0.3512091	0.25769717	0.045660324	0.26794675	0.5342296	0.44548145	0.4147687	0.40069678	0.34256476	0.39471444	0.39533603	0.4092919	0.36690074	0.3985073	0.3749031	0.40406808	0.3751941	0.4133539	0.38108897	0.39149818	0.3145259	0.3010878	0.3507756	-0.2773586	-0.27459148	-0.27164438	-0.25647178	-0.269842	-0.3022514	-0.28520364	-0.2848164	-0.26735416	-0.25257367	-0.28585553	-0.2580745	-0.2681862	-0.29322937	-0.2808944	-0.281595	-0.27421683	-0.29752144	-0.21524632	-0.30193332	-0.27712074	-0.26812354	-0.2603244	-0.32885224	-0.30632815	-0.32370457	-0.31649294	-0.3094585	-0.3144879	-0.31135818	-0.31529954	-0.30798963	-0.2792694	-0.3048262	-0.29823008	-0.2965338	-0.30750155	-0.27211893	-0.2936004	-0.30154866	-0.23585635	-0.24455684	-0.26132467	-0.25816324	-0.24873966	-0.25603837	-0.25537166	-0.25863034	-0.25841495	-0.3133146	-0.31404573	-0.29947457	-0.31034836	-0.29939604	-0.30462155	-0.3358484	-0.33015218	-0.3027579	-0.3065785	-0.30205438	-0.3067032	-0.32192814	-0.30548254	-0.30945146	-0.3127431	-0.2961379	-0.29428998	-0.2970591	-0.31512895	-0.28941265	-0.29774585	-0.28402206	-0.28954232	-0.2820083	-0.25848845	-0.12056081	-0.31206843	-0.3252422	-0.3164853	-0.33218724	-0.3231058	-0.3199253	-0.31185234	-0.31178412	-0.2673762	-0.25678363	-0.27416077	-0.26240215	-0.28189594	-0.26696277	-0.28570524	-0.26667804	-0.26394057
RIMMA0399.1:250049196	0.46698323	0.5074533	0.47469294	0.4909613	0.3216862	0.41428792	0.41715637	0.50152576	0.5006328	0.4840556	1.8749169	0.43914306	0.44381285	0.5036253	0.32257298	0.11417859	0.16645633	0.19285402	0.05792777	0.0903012	0.18512651	0.122201614	0.07942509	0.38879997	0.42865285	0.4097623	0.33797166	0.40809903	0.3855872	0.40369195	0.38350782	0.31155217	0.45398957	0.2586669	0.40568393	0.39058593	0.31758568	0.3952403	0.3907992	0.09363631	0.22049426	0.22450638	0.25197706	0.3008598	0.22923844	0.046686783	0.048203666	0.2055562	0.089958675	0.4060043	0.41754508	0.42262742	0.37397975	0.41913706	0.40653503	0.23732232	0.02716786	0.2491189	0.47412214	0.4841091	0.40128964	0.3784397	0.3243518	0.38332242	0.3985923	0.39853352	0.34363738	0.37595183	0.34629107	0.38460633	0.3592174	0.39773136	0.36541057	0.38579026	0.293704	0.27884942	0.32223827	-0.27276048	-0.27748543	-0.26890978	-0.26357767	-0.27830818	-0.30275968	-0.288638	-0.29864997	-0.26732224	-0.2547967	-0.290818	-0.25865746	-0.27993247	-0.30894497	-0.2681898	-0.27798486	-0.26428878	-0.29424676	-0.23077561	-0.31267333	-0.27056602	-0.2753784	-0.25125372	-0.31320325	-0.3014135	-0.32881615	-0.31146634	-0.31935966	-0.334639	-0.32390547	-0.31053388	-0.31295204	-0.2890589	-0.30065683	-0.2955889	-0.29031456	-0.30336952	-0.28125608	-0.29612142	-0.30824453	-0.24221663	-0.25507292	-0.26196355	-0.26301396	-0.24947181	-0.25745997	-0.25737092	-0.25500143	-0.25698516	-0.30841857	-0.30745366	-0.3101586	-0.32175884	-0.3010786	-0.3135909	-0.3278774	-0.3384504	-0.3127894	-0.31064644	-0.31145206	-0.30577675	-0.32428154	-0.30606553	-0.32145846	-0.32337117	-0.2951741	-0.2995134	-0.31379977	-0.3167556	-0.29683527	-0.29924196	-0.29019606	-0.28634202	-0.3017495	-0.27644047	-0.13458058	-0.31542838	-0.32780078	-0.31874546	-0.33303115	-0.32624206	-0.32119772	-0.3194054	-0.30567667	-0.2618837	-0.26297623	-0.27226502	-0.25124413	-0.2906602	-0.2609669	-0.28323177	-0.26262048	-0.26389003
RIMMA0403.2:250049113	0.46646792	0.42600057	0.43785548	0.4732075	0.28430825	0.38115904	0.36723623	0.46550837	0.4092659	0.4216303	0.43914306	1.866637	0.42574194	0.44153562	0.29730853	0.104158714	0.17061871	0.19073598	0.059126962	0.07586445	0.18895352	0.13048255	0.07395248	0.43211728	0.430113	0.47026238	0.39181855	0.37987152	0.429184	0.45267472	0.4501764	0.30188632	0.46337035	0.3090474	0.46525198	0.46631175	0.36709043	0.44964644	0.44308057	0.079013266	0.18596746	0.22872464	0.23841628	0.28070188	0.22751173	0.041288722	0.06265329	0.20064256	0.09067337	0.48558778	0.48425114	0.4899667	0.45641482	0.48634604	0.4586114	0.253151	0.04141247	0.24360882	0.41987833	0.46710086	0.3711982	0.34907535	0.29998204	0.35403258	0.36432675	0.41387752	0.3187829	0.34587926	0.32795948	0.34174952	0.350763	0.36849746	0.34038845	0.3703844	0.29218227	0.26543772	0.31391418	-0.2826686	-0.27555934	-0.27736437	-0.26640382	-0.27299044	-0.31343195	-0.27733785	-0.2791871	-0.2712667	-0.26505882	-0.29584354	-0.2569736	-0.27714923	-0.3007574	-0.27942088	-0.2881352	-0.26687294	-0.29194793	-0.23421685	-0.30716914	-0.27503222	-0.26491687	-0.25991324	-0.32147115	-0.3009038	-0.32396433	-0.3098573	-0.3103891	-0.32863185	-0.31894198	-0.3110679	-0.30811888	-0.2916615	-0.3003895	-0.28617114	-0.3042855	-0.3071089	-0.2740747	-0.29624557	-0.31192794	-0.25199428	-0.2606387	-0.256944	-0.24727851	-0.24230903	-0.25592536	-0.24983533	-0.25887138	-0.25349373	-0.31267962	-0.31203172	-0.31449437	-0.3126394	-0.30302888	-0.30985725	-0.3449417	-0.3281941	-0.30009156	-0.31751677	-0.30387935	-0.30828628	-0.3269029	-0.303245	-0.3195884	-0.31958136	-0.30049744	-0.30116558	-0.3076061	-0.3184822	-0.29544985	-0.29429698	-0.2785977	-0.29259738	-0.28778446	-0.27816743	-0.12970999	-0.3193728	-0.3220355	-0.30729645	-0.32536504	-0.31160608	-0.3242104	-0.32161665	-0.31267744	-0.26165375	-0.26317468	-0.2850059	-0.2654945	-0.28901383	-0.2722355	-0.2903444	-0.27953577	-0.275084
RIMMA0404.1:250049121	0.4367534	0.43037182	0.45040843	0.4483009	0.29194117	0.38538134	0.36733976	0.4715942	0.44013786	0.45296848	0.44381285	0.42574194	1.9062784	0.47125232	0.31653333	0.12353237	0.17411424	0.18178244	0.07447519	0.093150884	0.1895789	0.12657955	0.07640439	0.37211856	0.4145249	0.37543258	0.31883055	0.38888323	0.3778327	0.38402885	0.37765422	0.31257564	0.44325358	0.26656714	0.38691545	0.38042718	0.30207863	0.3873741	0.39418936	0.09698918	0.20394346	0.2284184	0.24522898	0.30199495	0.2396732	0.04444878	0.057371087	0.20173404	0.08731072	0.3926216	0.39104265	0.39722458	0.37792915	0.3990828	0.3777962	0.22677258	0.047908437	0.24928483	0.44260645	0.47879604	0.38667688	0.3682253	0.33266202	0.38151303	0.4001375	0.39240035	0.35094103	0.3837589	0.35238364	0.37101895	0.3588618	0.4011214	0.36009753	0.378278	0.3002437	0.2808978	0.32814434	-0.2666869	-0.27526936	-0.27737254	-0.26674744	-0.2684327	-0.3005251	-0.26938838	-0.28961292	-0.26184472	-0.24971056	-0.28629115	-0.245334	-0.26720548	-0.2916336	-0.25863096	-0.2731225	-0.2600601	-0.29342833	-0.22813092	-0.3087241	-0.2757298	-0.25715357	-0.2652326	-0.30977556	-0.2871024	-0.30913785	-0.2873898	-0.29778042	-0.3112893	-0.3104704	-0.30108678	-0.30002016	-0.2777668	-0.29057616	-0.2990758	-0.28099826	-0.30018425	-0.25712374	-0.2860594	-0.303587	-0.22389881	-0.24296097	-0.25115615	-0.24447243	-0.24692024	-0.2440434	-0.24140123	-0.25326994	-0.24882413	-0.3132468	-0.30721307	-0.30335796	-0.30994526	-0.29409164	-0.30067766	-0.33848318	-0.31948033	-0.2844638	-0.29693162	-0.30066344	-0.29539797	-0.30557245	-0.29317078	-0.30097872	-0.30879927	-0.28828016	-0.2945205	-0.30172518	-0.32546034	-0.2854687	-0.2995418	-0.2829666	-0.28947464	-0.28954437	-0.2677391	-0.11736225	-0.3166786	-0.32551014	-0.30430403	-0.3310759	-0.3229266	-0.31961545	-0.30557895	-0.31715834	-0.24980912	-0.24892604	-0.27783898	-0.25463775	-0.2799833	-0.25934738	-0.2692562	-0.2678403	-0.2689794
RIMMA0406.1:250049129	0.45921898	0.47171617	0.4777193	0.52028334	0.29435378	0.43833578	0.40072602	0.53204066	0.47607747	0.4839507	0.5036253	0.44153562	0.47125232	1.8187611	0.32861817	0.09463607	0.15906478	0.17541741	0.060897995	0.08257409	0.17413817	0.119357266	0.068082616	0.37434524	0.41736642	0.39182237	0.32989064	0.38702822	0.37672353	0.39432475	0.36500892	0.28809613	0.46407887	0.25179717	0.3928689	0.3894561	0.30186355	0.3821833	0.39704943	0.083971076	0.21272978	0.2209725	0.25308362	0.2887346	0.22404578	0.04145701	0.049123846	0.21365131	0.09671207	0.39104635	0.40061176	0.39632007	0.37719256	0.403583	0.38365674	0.22050075	0.029523032	0.24047849	0.47176236	0.48107862	0.39160553	0.36439517	0.32115346	0.3635937	0.38685864	0.3979255	0.33201522	0.36794528	0.34624237	0.36931303	0.360846	0.39315376	0.35119796	0.37368354	0.29350606	0.26426414	0.32272977	-0.27027503	-0.27611795	-0.27891067	-0.25982466	-0.26290748	-0.3013551	-0.27674103	-0.28857923	-0.25794113	-0.23963824	-0.28814623	-0.2565071	-0.26237002	-0.28689143	-0.26257315	-0.27486554	-0.26582882	-0.30122837	-0.22853237	-0.30955404	-0.27445412	-0.25984728	-0.2567631	-0.31912246	-0.29743695	-0.3204415	-0.2898227	-0.30304584	-0.3200212	-0.3160341	-0.3080296	-0.30796918	-0.273677	-0.29397792	-0.28728902	-0.28920826	-0.29929972	-0.2637683	-0.29134372	-0.30738032	-0.23384194	-0.24051102	-0.24904157	-0.24368112	-0.23695983	-0.24679299	-0.25307763	-0.26457363	-0.25198352	-0.31927633	-0.31354067	-0.3075239	-0.3225719	-0.29415777	-0.3070612	-0.3294359	-0.31921077	-0.29511517	-0.299644	-0.2993317	-0.29546392	-0.31467697	-0.3025362	-0.32076204	-0.31404606	-0.29073146	-0.29423234	-0.29938692	-0.30472818	-0.2846587	-0.2954331	-0.2803116	-0.28739718	-0.28741115	-0.2654381	-0.12471492	-0.31793728	-0.32537115	-0.31024042	-0.32765687	-0.31755054	-0.30967346	-0.30333388	-0.30744022	-0.25971496	-0.24986795	-0.276358	-0.25811413	-0.27786866	-0.26793003	-0.28154737	-0.26826036	-0.2611062
RIMMA0409.1:250049161	0.30367953	0.3245443	0.3310134	0.30680376	0.24308485	0.2940156	0.30799127	0.32161734	0.32357582	0.34617192	0.32257298	0.29730853	0.31653333	0.32861817	1.7718532	0.13749906	0.18649688	0.18568553	0.082403734	0.11093807	0.19141343	0.152138	0.08727748	0.2621166	0.32602894	0.2460114	0.2064802	0.35383642	0.26272443	0.24102187	0.24981718	0.28675365	0.31222954	0.1982357	0.22989379	0.23769985	0.21034011	0.23462045	0.2684957	0.114198625	0.2094493	0.21146746	0.251443	0.27127174	0.22376586	0.07502043	0.075642854	0.2094762	0.106085606	0.25958505	0.2547819	0.257423	0.22825025	0.25846118	0.25704098	0.22337016	0.06545335	0.2226431	0.34574294	0.31076062	0.35325152	0.34503132	0.2947823	0.32835177	0.34114304	0.29986045	0.31304285	0.3689883	0.32072872	0.36472806	0.33160493	0.33303285	0.31293708	0.34770387	0.2642093	0.2721097	0.33124614	-0.22308837	-0.2202655	-0.21414985	-0.20833309	-0.22147955	-0.24114148	-0.22470897	-0.22672579	-0.20542452	-0.20495655	-0.23128732	-0.2032264	-0.20819478	-0.24259329	-0.2104478	-0.21992624	-0.20984562	-0.2418536	-0.18544568	-0.24557595	-0.21537727	-0.21253017	-0.2025319	-0.26054904	-0.23390622	-0.26250163	-0.23900168	-0.24691375	-0.25434723	-0.24883205	-0.2562584	-0.25008535	-0.22757116	-0.24000776	-0.24047491	-0.23028049	-0.23192993	-0.21920936	-0.23023559	-0.24681263	-0.19256303	-0.19734982	-0.20250724	-0.20158212	-0.19446951	-0.20057547	-0.19567811	-0.20214242	-0.19134153	-0.25203708	-0.26074436	-0.26309544	-0.2587616	-0.2270859	-0.24677333	-0.26693007	-0.26934057	-0.24313897	-0.23849873	-0.24498844	-0.23780353	-0.2693167	-0.23824134	-0.26574802	-0.26678488	-0.23989215	-0.24674761	-0.24504386	-0.2447382	-0.22187343	-0.23035562	-0.22391868	-0.23311017	-0.24348566	-0.21029362	-0.08453553	-0.2696695	-0.2618587	-0.24615051	-0.2661386	-0.2581384	-0.26772374	-0.24604626	-0.25168055	-0.20714244	-0.19833907	-0.2151009	-0.20494515	-0.22598581	-0.20944977	-0.22949667	-0.20159872	-0.20463876
RIMMA0416.1:250049185	0.103839375	0.106347136	0.131434	0.10564006	0.0923698	0.10032516	0.12425267	0.123044275	0.12159233	0.12501156	0.11417859	0.104158714	0.12353237	0.09463607	0.13749906	1.7325048	0.2589706	0.26993734	0.16248107	0.14408915	0.2692545	0.23566307	0.14502852	0.074837215	0.11081377	0.06080047	0.072687075	0.125874	0.09298171	0.06714202	0.07850905	0.14200239	0.10849415	0.11440662	0.06672973	0.059794493	0.07781414	0.07324554	0.10494014	0.14680924	0.08635328	0.17145227	0.14612612	0.14778446	0.1658411	0.15183653	0.14664426	0.12769707	0.0885272	0.07825057	0.07654107	0.080561176	0.07811298	0.07330624	0.07177426	0.14310053	0.14165436	0.17582563	0.12704273	0.106988065	0.13483068	0.14860144	0.1225424	0.1354255	0.12976675	0.105592385	0.122912124	0.1366836	0.1343623	0.1283046	0.13592052	0.1233336	0.12808031	0.12287229	0.1299314	0.13449594	0.15334067	-0.12096421	-0.11238267	-0.11305082	-0.11709262	-0.10981365	-0.131712	-0.11300573	-0.12258897	-0.09465314	-0.08971253	-0.124019496	-0.09886591	-0.10808335	-0.11810561	-0.1151633	-0.113664776	-0.10119884	-0.121093184	-0.08142056	-0.13146877	-0.113607325	-0.08226526	-0.093251444	-0.13572593	-0.12082393	-0.14380984	-0.13546143	-0.12978739	-0.13882372	-0.13949564	-0.124465235	-0.13394655	-0.12367657	-0.12761497	-0.12703857	-0.12590154	-0.1375958	-0.10733844	-0.12753391	-0.12957445	-0.09209755	-0.10305294	-0.10412903	-0.097762145	-0.098495424	-0.0917237	-0.093796305	-0.111796506	-0.1128297	-0.12948747	-0.14919055	-0.13594268	-0.12881356	-0.124626435	-0.13680317	-0.15058653	-0.15668692	-0.12899436	-0.1434005	-0.13281955	-0.11277543	-0.15135165	-0.12933372	-0.1360608	-0.14986344	-0.12537491	-0.11851387	-0.124861225	-0.12941973	-0.107971154	-0.11965876	-0.119819075	-0.11296475	-0.10981039	-0.0977892	0.01606038	-0.15025099	-0.14661467	-0.1300119	-0.1550879	-0.14354657	-0.14185685	-0.14722085	-0.1303799	-0.105577365	-0.100594394	-0.11640591	-0.10054735	-0.124551184	-0.10590925	-0.115911275	-0.113097675	-0.10018499
RIMMA0417.1:250049197	0.16912526	0.1768512	0.19273163	0.16937912	0.1338758	0.15709424	0.15931052	0.17960827	0.17360914	0.18606691	0.16645633	0.17061871	0.17411424	0.15906478	0.18649688	0.2589706	1.811697	0.3334156	0.1571726	0.16539319	0.33850995	0.27036694	0.16418953	0.13855767	0.18864192	0.12854648	0.14632206	0.19402988	0.16680303	0.13734795	0.14392549	0.20624463	0.19090691	0.15145846	0.13799785	0.13046625	0.119786	0.13240008	0.14666963	0.15521707	0.10434028	0.23703639	0.20908251	0.19314812	0.21017979	0.1146039	0.15898427	0.16316484	0.108396366	0.13854201	0.14279607	0.1418402	0.12576889	0.15063122	0.13243835	0.18421516	0.13850759	0.23963925	0.18373728	0.17514384	0.19584899	0.20717818	0.16982569	0.20035726	0.20239535	0.1498192	0.17308393	0.20552899	0.19659173	0.19823098	0.1988023	0.21031226	0.1989572	0.18515776	0.20127426	0.2212322	0.21650194	-0.15074229	-0.15326788	-0.15160652	-0.15369147	-0.15796714	-0.18089037	-0.14822558	-0.15812562	-0.1377189	-0.1277651	-0.17068204	-0.13447714	-0.15385139	-0.17321038	-0.15528443	-0.14968595	-0.14573689	-0.16777426	-0.10860817	-0.17891394	-0.16114587	-0.13563685	-0.14125581	-0.18505332	-0.18412866	-0.1975914	-0.18471432	-0.18656929	-0.19320168	-0.19133916	-0.18322279	-0.18155959	-0.17123365	-0.17962618	-0.16561298	-0.1718186	-0.17559254	-0.14727329	-0.15939912	-0.1713915	-0.1195274	-0.14947326	-0.14756751	-0.13195689	-0.13283929	-0.13240398	-0.13114062	-0.1471654	-0.14631638	-0.18196458	-0.19527529	-0.18910936	-0.18522292	-0.16992845	-0.17992476	-0.19206813	-0.19947308	-0.17494866	-0.17916073	-0.17704071	-0.15999705	-0.1975856	-0.17165391	-0.17832512	-0.19551957	-0.18599617	-0.17412193	-0.17605242	-0.18756214	-0.16318785	-0.1852	-0.16642573	-0.16678365	-0.16657381	-0.14469396	-0.0030203685	-0.18707347	-0.20587544	-0.17525816	-0.1979299	-0.19136463	-0.18544444	-0.18523611	-0.19549228	-0.14487858	-0.13993283	-0.1467057	-0.13789177	-0.15723643	-0.14396183	-0.1576911	-0.1391112	-0.15085445
RIMMA0418.1:250049149	0.19928747	0.19098637	0.2013318	0.18152004	0.13248666	0.16662619	0.17065004	0.18887919	0.19490054	0.18581477	0.19285402	0.19073598	0.18178244	0.17541741	0.18568553	0.26993734	0.3334156	1.8401148	0.15569033	0.13990752	0.3568938	0.26843727	0.17092595	0.12783179	0.19377561	0.14456367	0.13971485	0.21211576	0.16891758	0.13869844	0.14389682	0.21849748	0.17842923	0.17114706	0.14246058	0.15022944	0.12991421	0.14070192	0.14393885	0.15584074	0.1268802	0.2373247	0.23823828	0.21941541	0.21343112	0.12314794	0.1514453	0.1688762	0.089917846	0.14464469	0.1489734	0.15314256	0.121211745	0.15112448	0.1428461	0.18774608	0.12698045	0.24572344	0.19202049	0.17423943	0.21056174	0.21516335	0.16979708	0.20951648	0.19295551	0.16835247	0.18602625	0.21606718	0.21322417	0.19902237	0.20128958	0.21050724	0.20781814	0.20253551	0.2128187	0.22366361	0.234327	-0.15244812	-0.15447067	-0.14829923	-0.14484918	-0.1544548	-0.18326725	-0.15708777	-0.16227295	-0.15155697	-0.14095095	-0.1757984	-0.14518435	-0.15654494	-0.17357448	-0.15818301	-0.1656673	-0.15687269	-0.16817562	-0.11924081	-0.17966954	-0.14783089	-0.1436977	-0.14463896	-0.19287197	-0.18074681	-0.19803016	-0.18453807	-0.19599076	-0.19835526	-0.1968654	-0.19031453	-0.19910645	-0.1741881	-0.18246886	-0.1805507	-0.16782182	-0.1775779	-0.14994827	-0.16678914	-0.18550919	-0.14555357	-0.15239033	-0.14821106	-0.13427773	-0.13886888	-0.13819122	-0.13713296	-0.14721265	-0.15009086	-0.1966227	-0.19625437	-0.20300336	-0.19850194	-0.16634165	-0.19480665	-0.19386727	-0.20839122	-0.17725095	-0.18524611	-0.1769203	-0.16876622	-0.19740918	-0.17464568	-0.20067996	-0.20248091	-0.19001286	-0.17336781	-0.18088916	-0.18298763	-0.17132322	-0.18483718	-0.17297705	-0.17698774	-0.16891332	-0.15258716	-0.0174176	-0.2049185	-0.22474535	-0.18715808	-0.21348268	-0.20594823	-0.212123	-0.1939678	-0.20388865	-0.14850414	-0.14577597	-0.15879214	-0.14328758	-0.15789868	-0.146115	-0.15615422	-0.14409706	-0.14724894
RIMMA0421.1:250049122	0.07114487	0.06491223	0.09249631	0.08101511	0.043983523	0.06578572	0.06488959	0.06655114	0.07961695	0.07034484	0.05792777	0.059126962	0.07447519	0.060897995	0.082403734	0.16248107	0.1571726	0.15569033	1.7594403	0.18636858	0.14511149	0.15270647	0.121819906	0.049336337	0.060302943	0.037610587	0.07752615	0.09595632	0.0626727	0.05397845	0.031035982	0.13006881	0.07017151	0.100422956	0.035544768	0.034424063	0.035167888	0.042712867	0.047161113	0.18744868	0.054646596	0.1605811	0.114941105	0.13247778	0.124741666	0.18174149	0.22604737	0.1040412	0.11873036	0.04482928	0.044722524	0.050177593	0.05548212	0.054887224	0.03693655	0.14393274	0.23136324	0.12708522	0.06777281	0.06648493	0.07917625	0.089219704	0.078330696	0.08469107	0.08633774	0.06193973	0.09808215	0.08908001	0.098182775	0.09493921	0.08934192	0.078376435	0.10377225	0.08481057	0.12008508	0.12515266	0.11373206	-0.10099243	-0.11084214	-0.109479025	-0.11230939	-0.09917866	-0.10011114	-0.08093895	-0.089702226	-0.058486365	-0.06228622	-0.08597043	-0.07626641	-0.07286704	-0.09025065	-0.08760652	-0.094867155	-0.08111531	-0.09206412	-0.038768325	-0.10504881	-0.07457061	-0.05249071	-0.07067057	-0.09558951	-0.10763575	-0.121228985	-0.102686495	-0.096770115	-0.11320502	-0.11792114	-0.109543815	-0.110191636	-0.08622392	-0.09003186	-0.092679545	-0.09154251	-0.09684452	-0.059318975	-0.093827106	-0.10796265	-0.090631634	-0.09023752	-0.09310265	-0.09370571	-0.07897082	-0.085356414	-0.07168132	-0.087612845	-0.1044124	-0.1151252	-0.10847644	-0.11403267	-0.104163945	-0.10830732	-0.096536465	-0.12666383	-0.12368823	-0.10240668	-0.10768101	-0.1013678	-0.09049277	-0.11419713	-0.08670016	-0.11649894	-0.1176662	-0.104694955	-0.090323515	-0.10323074	-0.09964509	-0.089620784	-0.09392836	-0.07694329	-0.08289203	-0.08983856	-0.05530469	0.09458751	-0.10810196	-0.1166725	-0.097796075	-0.12924565	-0.10948578	-0.11111325	-0.10402821	-0.10850714	-0.102620624	-0.09322074	-0.11631908	-0.09131008	-0.09662164	-0.09497609	-0.100691736	-0.11241456	-0.09001597
RIMMA0422.1:250049130	0.07848968	0.0831034	0.10356834	0.08392448	0.06182057	0.0897169	0.093312114	0.08146233	0.10229942	0.09517055	0.0903012	0.07586445	0.093150884	0.08257409	0.11093807	0.14408915	0.16539319	0.13990752	0.18636858	1.6823277	0.15601577	0.17373033	0.13725284	0.06849657	0.08535218	0.049334884	0.084777765	0.10805343	0.07749064	0.05385002	0.051146653	0.14147635	0.095928974	0.11580006	0.047809567	0.04368839	0.044879477	0.058593065	0.082423136	0.18463673	0.06873773	0.14295304	0.13484684	0.13652387	0.13691325	0.14745262	0.18603718	0.10665235	0.12178879	0.05666543	0.045544617	0.060914174	0.087613255	0.06724517	0.049704492	0.15711084	0.1869922	0.14861226	0.102811225	0.078861505	0.10079652	0.11492131	0.09600005	0.10890178	0.09944119	0.081919946	0.101569235	0.11819204	0.10629169	0.098426215	0.113627136	0.116843894	0.1067189	0.094130866	0.1267031	0.13641115	0.12411464	-0.11138939	-0.11456739	-0.11273825	-0.11642596	-0.113992445	-0.11045213	-0.09497004	-0.09288701	-0.07311377	-0.07875863	-0.10786604	-0.07272344	-0.064441346	-0.10266041	-0.08682175	-0.0915664	-0.06866409	-0.09394424	-0.03861717	-0.108233534	-0.06897763	-0.06417361	-0.078532994	-0.114037454	-0.119225465	-0.11865508	-0.1080144	-0.112776615	-0.121868804	-0.1266968	-0.11146137	-0.106369086	-0.07904683	-0.10052199	-0.10182789	-0.10009451	-0.11242237	-0.07517639	-0.109088175	-0.10781147	-0.10516587	-0.101230904	-0.11227738	-0.09359182	-0.086423285	-0.10099022	-0.093539625	-0.11085024	-0.10919992	-0.115644954	-0.11622711	-0.11360198	-0.120375514	-0.104801595	-0.11036259	-0.13515994	-0.13199812	-0.10227416	-0.107660316	-0.10518618	-0.10482198	-0.122506835	-0.10190525	-0.11824862	-0.13123143	-0.1082338	-0.10806317	-0.10803686	-0.10545757	-0.105925426	-0.113568984	-0.09723617	-0.09256221	-0.10053375	-0.07570939	0.055658296	-0.12036256	-0.12856032	-0.10847264	-0.13459219	-0.13289097	-0.12464111	-0.11451834	-0.11351824	-0.10397893	-0.10650641	-0.10755795	-0.09833389	-0.11175234	-0.11331216	-0.1225687	-0.117612	-0.10777437
